2000
2000
1954
1946
1939
1928
1923
1921
1918
1916
1913
1911
1909
1909
1906
1906
1906
1905
1905
1905
1905
1883
1877
1859
1843
1829
1813
1799
1788
1774
1754
1735
1721
1708
1694
1680
1672
1663
1658
1649
1645
1638
1629
1624
1616
1607
1597
1590
1588
1583
1576
1570
1566
1566
1566
1563
1560
1549
1544
1537
1530
1521
1517
1508
1500
1496
1488
1485
1480
1474
1467
1461
1456
1451
1449
1446
1441
1438
1429
1427
1422
1416
1413
1410
1407
1400
1393
1387
1385
1376
1372
1365
1361
1359
1352
1351
1349
1343
1340
1339
1335
1332
1329
1326
1321
1315
1314
1309
1305
1301
1297
1289
1284
1281
1277
1275
1274
1265
1260
1255
1249
1240
1235
1230
1225
1221
1218
1213
1204
1203
1199
1197
1194
1190
1187
1186
1180
1177
1173
1168
1164
1160
1157
1153
1150
1147
1138
1135
1135
1130
1127
1123
1118
1116
1111
1107
1105
1104
1102
1097
1092
1085
1081
1078
1073
1071
1070
1065
1062
1059
1056
1048
1046
1043
1042
1039
1038
1033
1028
1023
1019
1014
1012
1006
1003
1001
994
992
990
986
985
980
976
975
975
974
968
967
965
964
962
960
958
955
955
950
949
947
945
944
942
940
939
936
933
932
931
930
928
927
926
926
925
925
925
925
924
923
922
921
921
921
921
920
918
918
917
917
917
917
917
917
916
915
915
915
915
915
915
915
