0
0
45
53
59
67
71
69
70
71
73
74
75
70
72
70
67
67
67
65
64
63
64
73
82
89
101
109
116
129
142
154
164
173
175
180
183
187
189
195
198
192
193
186
184
178
173
168
160
151
146
137
128
117
109
102
97
98
96
97
98
98
92
94
95
90
90
89
91
91
91
91
90
93
93
91
93
84
88
85
83
81
82
78
73
76
76
77
76
79
77
82
78
75
79
77
76
76
69
68
68
67
66
67
68
72
66
64
66
64
66
67
67
68
70
67
62
69
68
71
76
82
84
84
83
81
81
82
87
83
82
74
69
67
66
62
64
60
56
55
51
49
49
48
49
49
56
53
46
47
48
43
45
44
43
45
42
39
35
36
37
40
36
33
33
31
27
30
29
30
29
31
31
32
29
29
25
28
31
27
27
31
31
34
33
30
34
24
16
18
16
17
15
12
10
10
13
13
12
12
13
9
11
12
6
9
7
9
5
2
4
3
2
5
3
2
3
4
4
4
3
3
2
1
1
0
1
2
2
3
2
2
1
1
3
3
4
3
3
3
2
2
1
1
1
1
1
1
1
0
