25
25
25
25
25
25
25
25
25
25
25
25
25
25
25
25
25
25
25
25
25
25
25
25
25
25
25
25
25
25
25
25
25
25
25
25
25
25
25
25
25
25
25
25
25
25
25
25
25
25
25
25
25
25
25
25
25
25
25
25
25
25
25
25
25
25
25
25
25
25
25
25
25
25
25
25
25
25
25
25
25
25
25
25
25
26
30
31
31
31
31
31
31
31
31
31
31
31
35
36
36
36
36
36
36
36
36
37
38
42
43
43
43
43
43
45
49
49
52
55
55
58
62
64
64
66
69
73
77
79
79
79
80
84
88
89
89
89
89
89
89
89
89
89
89
92
93
94
95
97
97
97
97
99
102
102
102
103
105
109
110
110
112
114
115
117
119
122
126
127
127
131
135
136
137
137
137
137
139
142
145
148
149
149
149
149
149
149
149
150
152
154
153
154
155
155
155
155
155
155
155
156
156
156
158
161
161
161
161
162
165
165
165
166
167
168
168
168
168
168
168
168
169
171
173
173
173
173
173
174
174
174
174
176
176
177
177
177
177
177
177
177
177
177
177
176
175
174
174
24
