100
100
54
45
38
25
20
18
15
13
10
8
6
6
3
3
3
2
2
2
2
200
214
276
318
374
385
389
378
357
353
343
348
333
346
325
317
312
306
291
278
388
406
465
528
578
647
709
761
827
931
1049
1155
1261
1333
1399
1450
1500
1513
1563
1581
1628
1696
1732
1777
1833
1868
1902
1899
1920
1946
1985
1985
1972
1964
1976
1978
2067
2073
2093
2102
2157
2166
2217
2276
2259
2293
2308
2330
2344
2374
2375
2397
2403
2385
2386
2384
2363
2423
2435
2434
2438
2439
2418
2427
2401
2448
2465
2439
2460
2446
2479
2495
2483
2495
2535
2560
2547
2544
2540
2520
2508
2506
2490
2503
2528
2521
2509
2511
2517
2543
2584
2597
2597
2601
2572
2553
2561
2559
2549
2541
2551
2540
2519
2470
2426
2409
2430
2445
2405
2398
2375
2314
2268
2229
2163
2154
2114
2079
2025
1998
1920
1851
1805
1725
1666
1602
1547
1460
1406
1356
1307
1278
1239
1189
1159
1111
1091
1043
1025
1000
968
951
920
920
881
823
786
744
715
680
651
607
572
548
530
507
475
437
411
377
339
312
279
250
215
201
188
169
155
128
116
109
100
90
86
76
70
61
58
51
44
40
37
33
29
25
22
18
14
13
13
12
10
8
8
6
6
4
4
4
4
2
0
0
0
0
0
0
0
