1948
1941
1934
1929
1924
1918
1914
1912
1910
1909
1909
1908
1907
1906
1906
1906
1905
1905
1905
1905
1889
1879
1868
1855
1842
1831
1821
1809
1796
1780
1770
1757
1747
1739
1731
1725
1720
1711
1706
1696
1688
1683
1677
1669
1656
1654
1649
1643
1638
1633
1628
1621
1614
1610
1605
1601
1595
1587
1583
1577
1571
1568
1566
1563
1554
1548
1543
1537
1532
1530
1528
1526
1518
1514
1509
1504
1499
1491
1489
1482
1477
1474
1469
1465
1459
1454
1446
1439
1434
1431
1422
1416
1412
1408
1404
1397
1391
1385
1382
1376
1374
1369
1366
1360
1356
1351
1347
1342
1335
1331
1323
1317
1314
1310
1303
1299
1294
1290
1286
1284
1276
1273
1268
1263
1257
1256
1254
1250
1243
1243
1239
1232
1229
1227
1220
1215
1211
1207
1204
1201
1201
1197
1192
1189
1189
1184
1178
1177
1175
1173
1168
1165
1164
1159
1152
1150
1148
1145
1142
1140
1137
1135
1133
1131
1128
1125
1124
1119
1112
1110
1107
1104
1098
1094
1092
1090
1089
1085
1080
1076
1074
1070
1065
1063
1063
1060
1057
1052
1051
1046
1042
1039
1036
1033
1032
1029
1026
1024
1019
1018
1014
1009
1005
1003
1002
998
997
994
992
988
985
981
980
975
972
970
969
967
965
962
961
960
957
956
953
950
947
940
939
933
933
929
924
923
918
914
913
908
908
906
904
901
900
898
893
891
888
888
887
885
879
878
878
875
871
871
868
866
865
864
862
860
856
854
850
845
845
841
837
833
832
827
825
825
822
822
819
818
815
813
809
806
802
799
794
794
788
787
784
779
778
774
773
772
770
768
765
761
757
756
753
748
746
740
736
735
729
728
727
722
719
716
716
712
710
707
703
701
701
699
699
698
696
695
693
691
690
687
686
683
681
678
675
673
670
669
665
661
658
656
652
651
650
649
647
645
644
644
644
644
643
642
642
638
636
635
632
631
628
625
622
620
618
616
614
612
610
608
606
606
606
605
605
604
603
599
598
597
596
595
594
591
586
585
585
585
584
583
582
580
580
579
578
577
576
575
575
574
572
571
570
570
569
567
567
567
564
561
558
557
556
555
555
555
554
554
553
551
551
550
550
549
547
546
544
542
542
542
540
540
539
537
537
535
534
532
531
531
528
527
524
522
521
520
518
518
516
515
514
513
512
510
509
508
507
504
504
502
501
498
497
495
493
492
489
487
486
486
483
482
478
477
474
473
470
468
465
464
462
459
457
454
452
445
444
443
442
440
439
436
434
429
427
426
426
423
420
419
416
415
412
410
409
407
404
402
402
401
399
398
397
394
393
392
391
390
390
389
389
388
388
388
386
384
383
381
381
379
378
378
377
377
376
375
375
374
373
372
370
368
368
368
368
367
366
366
365
364
364
364
363
363
362
362
362
362
362
362
362
362
362
362
362
362
362
362
362
361
361
361
361
361
361
361
361
361
361
361
360
360
360
360
360
360
360
360
360
360
360
360
360
360
360
360
359
359
359
359
358
358
358
357
356
356
356
356
356
356
356
356
356
356
356
356
355
355
355
355
355
355
354
354
352
352
352
350
350
349
348
348
348
348
348
348
348
348
348
347
347
347
347
346
346
344
344
344
344
343
343
342
342
342
342
341
338
336
336
336
336
336
336
336
336
335
334
334
334
334
334
334
334
333
333
333
332
332
332
331
331
331
331
331
331
331
331
330
330
330
330
330
330
330
330
330
330
329
329
329
329
329
329
329
329
329
329
329
329
329
329
329
329
329
329
329
329
329
329
329
329
329
329
329
329
329
329
329
329
329
329
