25
25
25
25
25
25
25
25
25
25
25
25
25
25
25
25
25
25
25
25
25
25
25
25
25
25
25
25
25
25
25
25
25
25
25
25
25
25
25
25
25
25
25
25
25
25
25
25
25
25
25
25
25
25
25
25
25
25
25
25
25
25
25
25
25
25
25
25
25
25
25
25
25
25
25
25
25
25
25
25
25
25
25
25
25
25
25
25
25
25
25
25
25
25
25
25
25
25
25
25
25
25
25
25
25
25
25
25
25
25
25
25
25
25
25
25
25
25
25
25
25
25
25
25
25
25
25
25
25
25
25
25
25
25
25
25
25
25
25
25
25
25
28
32
33
33
33
33
33
33
33
33
36
39
40
40
40
40
40
40
40
40
40
40
40
40
40
40
40
40
40
40
40
40
40
40
40
40
40
40
40
40
40
40
40
40
40
40
40
40
40
41
43
43
43
43
43
45
46
48
48
48
48
48
48
48
49
50
54
57
61
61
61
63
63
64
64
64
67
67
67
67
67
67
69
70
72
72
72
72
74
77
79
81
81
85
87
91
94
94
94
94
94
94
94
94
95
96
99
100
103
103
106
107
109
110
113
114
114
114
114
114
114
116
116
120
121
123
125
126
126
126
126
126
127
127
128
129
129
129
129
129
129
131
131
130
129
128
128
128
129
129
129
129
130
132
131
132
132
134
134
134
134
134
134
134
135
134
133
132
131
131
131
132
133
134
134
135
135
136
135
132
128
128
128
128
128
128
127
126
127
124
122
122
122
121
121
120
122
121
121
120
120
120
120
120
120
120
120
118
118
118
118
118
118
121
121
120
122
122
122
122
122
122
124
126
128
129
130
129
128
128
129
129
132
132
129
128
127
128
128
128
130
130
129
129
130
127
124
123
123
123
121
122
123
123
123
120
120
120
120
120
120
117
117
115
115
115
115
112
112
111
109
109
105
104
100
97
97
97
97
97
97
97
97
96
95
92
91
89
88
89
91
92
90
87
86
86
86
86
86
86
84
84
80
79
77
75
74
74
74
74
74
73
73
72
72
71
71
71
71
71
69
69
69
69
69
69
69
68
68
68
68
67
64
64
63
63
61
61
61
61
61
60
60
60
59
59
59
59
61
65
65
64
62
62
61
61
60
60
60
64
68
69
69
69
69
69
69
67
67
66
66
65
65
65
65
64
63
67
69
72
72
72
72
72
72
72
72
72
72
72
72
72
70
69
69
67
66
66
66
66
66
65
63
62
59
58
58
58
56
55
55
54
52
52
52
52
51
51
51
50
49
49
49
46
45
45
44
43
43
43
42
40
40
40
40
40
40
40
40
40
40
40
40
40
40
40
40
38
36
36
36
36
36
35
35
35
35
35
35
35
35
35
35
35
35
35
35
35
33
29
26
26
26
26
26
26
26
26
26
26
26
26
26
26
26
26
26
26
26
26
26
26
26
26
26
26
26
26
26
26
26
26
26
26
26
26
26
26
26
26
26
26
26
26
26
26
26
26
26
26
26
26
26
26
26
26
26
25
21
19
19
19
19
19
19
19
19
19
16
12
9
9
9
9
9
9
9
9
9
9
9
9
9
9
9
9
6
4
1
0
0
0
0
0
0
0
0
0
0
0
0
0
0
0
0
0
0
0
0
0
0
0
0
0
0
0
0
