48
40
32
26
21
15
11
9
7
5
5
4
3
2
2
2
1
1
1
1
215
235
264
271
267
282
294
295
278
272
259
255
250
251
239
233
236
226
220
207
258
312
356
411
465
498
572
645
687
748
781
846
910
951
998
1025
1038
1101
1122
1146
1165
1198
1235
1245
1293
1286
1301
1311
1339
1361
1371
1368
1415
1408
1426
1418
1413
1409
1420
1429
1437
1438
1404
1378
1412
1418
1428
1442
1421
1387
1374
1354
1372
1352
1337
1328
1343
1355
1335
1334
1353
1318
1326
1325
1315
1310
1312
1355
1343
1342
1370
1398
1390
1395
1401
1403
1417
1423
1430
1453
1447
1475
1459
1501
1505
1528
1545
1541
1579
1586
1605
1623
1629
1646
1684
1681
1665
1677
1698
1705
1746
1747
1748
1763
1795
1790
1793
1801
1828
1813
1839
1894
1903
1888
1937
1964
1983
2011
1995
1978
1952
1957
1945
1963
1939
1948
1961
1943
1919
1933
1940
1954
1939
1968
1987
1966
1977
1968
1980
1980
2002
2007
2006
2006
2023
2042
2033
2069
2122
2132
2157
2189
2215
2235
2250
2264
2266
2302
2339
2366
2380
2412
2445
2437
2428
2449
2462
2495
2494
2536
2543
2547
2550
2553
2545
2549
2544
2531
2501
2468
2474
2447
2446
2432
2413
2413
2390
2378
2343
2336
2328
2332
2308
2340
2348
2348
2338
2331
2336
2346
2333
2312
2306
2293
2288
2307
2323
2345
2314
2318
2293
2305
2308
2296
2306
2320
2310
2317
2306
2298
2295
2284
2281
2291
2311
2302
2296
2279
2276
2254
2268
2255
2221
2196
2158
2119
2088
2043
2009
1973
1962
1933
1921
1891
1884
1885
1844
1847
1850
1843
1828
1839
1827
1800
1799
1755
1751
1736
1713
1697
1692
1664
1663
1619
1557
1502
1453
1391
1348
1283
1254
1214
1171
1124
1086
1037
1012
984
949
908
880
879
863
858
823
805
793
762
727
697
668
638
619
585
564
547
533
524
512
502
493
483
475
468
460
454
443
443
437
429
420
419
410
396
395
377
365
350
333
322
306
299
278
257
240
228
213
199
185
171
166
159
151
142
138
130
121
118
110
112
101
102
102
97
92
91
86
87
93
87
85
79
75
73
70
65
64
62
58
57
53
47
38
45
43
41
29
35
31
28
27
33
33
30
37
34
33
30
29
28
27
26
24
33
31
25
22
22
30
30
39
47
47
44
50
47
45
45
42
40
37
35
34
31
29
38
29
27
26
25
24
31
29
38
46
42
39
35
33
40
39
36
34
33
50
47
56
56
53
62
58
64
63
62
56
55
48
45
42
46
44
41
39
37
46
55
54
52
81
78
96
91
99
98
124
125
127
113
114
129
131
133
129
166
173
168
176
168
173
190
185
200
189
174
168
187
205
204
197
194
204
201
192
178
173
158
145
136
131
131
128
135
132
120
117
112
109
107
104
101
100
99
99
98
97
96
95
92
92
92
89
84
78
77
77
77
76
85
85
82
82
78
75
74
74
73
70
77
75
73
72
72
78
74
72
71
63
61
58
57
57
54
51
49
48
45
44
53
50
50
50
47
46
46
43
43
43
43
42
40
39
35
34
32
32
32
32
32
28
28
27
25
25
25
34
34
34
34
43
43
42
52
60
60
60
58
57
56
54
53
53
53
53
53
63
61
61
55
55
55
64
62
82
80
79
99
98
107
117
116
115
114
114
112
108
106
106
106
105
105
105
112
108
126
122
113
108
102
98
108
106
102
97
105
134
152
150
145
144
142
142
142
142
142
149
144
142
141
141
139
138
137
137
135
134
133
131
140
140
138
138
135
132
130
127
126
125
124
121
120
120
119
119
119
119
119
119
119
119
119
119
113
111
109
109
108
104
102
102
