50
56
60
60
61
66
70
70
68
66
61
61
59
59
55
54
54
52
48
48
41
48
52
62
70
77
81
86
97
108
115
125
128
127
130
129
128
133
133
140
142
140
140
140
141
138
132
127
124
116
114
110
107
103
102
101
101
97
92
89
89
85
81
77
79
81
80
81
81
78
78
78
78
80
78
77
78
81
80
77
74
72
75
70
61
59
62
63
65
68
74
75
70
72
71
75
73
70
69
69
67
70
64
67
66
70
71
68
72
73
76
73
74
76
77
78
80
82
83
80
86
82
83
82
82
78
76
78
77
74
74
77
77
74
73
73
75
74
71
72
64
66
67
63
58
60
64
63
61
63
63
59
57
60
59
56
55
52
52
52
55
51
51
48
51
50
44
45
50
49
50
50
56
55
53
54
51
54
56
58
57
59
62
62
60
60
63
62
57
60
61
59
57
57
56
57
59
57
57
54
55
54
52
53
54
53
51
49
50
49
49
49
47
45
47
45
43
43
39
42
41
40
37
37
38
38
40
42
42
45
44
45
47
43
45
47
47
49
46
43
42
43
43
43
44
41
40
35
36
33
39
36
33
35
36
32
32
30
31
28
28
25
28
28
28
31
30
31
34
37
32
36
35
32
35
35
37
34
36
38
41
43
42
43
42
39
44
38
37
39
40
39
39
37
35
37
35
32
34
34
32
33
27
25
24
24
28
26
24
27
26
26
25
27
28
27
30
28
23
23
21
15
11
8
8
9
9
12
11
11
13
15
15
15
16
17
18
17
16
15
14
14
13
10
11
12
13
11
11
9
10
10
8
8
7
8
10
9
11
11
10
10
12
13
15
16
18
16
14
14
13
14
10
11
12
13
12
10
8
8
9
9
13
14
13
13
13
13
13
15
13
12
12
11
11
10
10
9
11
12
9
9
8
8
8
8
10
11
11
10
7
6
6
6
6
6
7
9
9
10
10
11
12
11
10
12
10
10
11
11
11
12
8
10
8
8
9
8
11
12
15
15
16
16
14
13
15
16
17
16
16
17
16
16
14
15
15
16
17
18
18
19
19
18
18
19
16
16
19
19
22
20
21
20
23
24
26
27
28
30
30
33
33
38
37
36
37
37
33
33
32
36
36
34
31
33
35
35
32
30
30
30
31
28
28
27
24
24
25
24
23
24
23
19
15
12
9
8
6
4
3
3
5
6
5
7
4
6
6
6
7
6
4
5
2
3
4
4
4
5
4
2
2
3
3
3
4
4
4
4
5
5
6
6
6
5
4
3
3
2
2
2
2
2
2
2
2
2
2
2
2
2
1
1
1
1
1
1
2
2
2
2
2
2
2
2
1
0
0
0
0
0
0
0
1
1
1
1
2
2
2
3
4
4
4
4
4
4
4
4
4
4
4
4
4
4
4
4
3
3
4
3
4
4
4
6
6
7
8
8
8
8
8
8
7
7
7
7
7
7
6
7
5
7
7
5
5
4
3
4
4
4
4
5
8
10
10
10
10
10
10
9
9
8
9
9
9
9
9
8
8
9
9
8
6
3
3
4
4
4
4
4
3
2
1
2
1
1
1
1
1
1
1
1
1
2
2
1
1
1
1
1
1
1
1
1
1
0
0
0
0
0
0
0
0
0
0
0
0
0
0
0
0
0
0
0
0
0
0
