1949
1940
1930
1920
1918
1914
1912
1912
1909
1908
1908
1906
1904
1902
1901
1901
1901
1900
1900
1900
1868
1860
1845
1834
1820
1809
1783
1774
1767
1754
1737
1726
1716
1708
1700
1697
1688
1682
1681
1678
1673
1669
1665
1662
1658
1652
1647
1644
1640
1630
1627
1623
1619
1612
1606
1603
1599
1596
1592
1588
1583
1579
1576
1570
1563
1559
1551
1546
1541
1536
1533
1527
1521
1517
1513
1509
1502
1495
1490
1486
1477
1473
1460
1457
1453
1446
1437
1435
1428
1425
1417
1412
1405
1400
1394
1389
1385
1380
1376
1365
1360
1357
1353
1345
1338
1334
1334
1331
1327
1323
1319
1312
1304
1296
1292
1289
1289
1288
1284
1283
1279
1276
1274
1269
1267
1263
1261
1258
1251
1249
1246
1244
1239
1237
1230
1227
1226
1222
1216
1211
1205
1203
1201
1198
1195
1194
1191
1187
1184
1176
1173
1166
1161
1159
1156
1150
1144
1133
1133
1131
1127
1123
1122
1116
1111
1109
1104
1102
1098
1096
1091
1088
1081
1076
1071
1067
1065
1063
1059
1054
1051
1049
1047
1046
1041
1040
1036
1032
1030
1025
1021
1020
1016
1015
1012
1009
1006
1001
997
995
994
993
992
988
983
980
976
970
966
964
960
959
957
954
953
949
946
941
938
934
929
923
922
919
918
915
913
909
906
905
900
900
898
895
890
887
884
883
879
877
875
872
869
867
865
863
860
860
858
855
853
852
851
848
844
842
839
836
834
830
829
828
824
821
818
816
815
810
809
804
802
802
796
793
791
789
781
779
776
774
771
768
764
760
757
756
753
751
747
744
743
741
737
733
730
728
725
723
721
719
715
712
708
705
701
697
694
691
687
680
674
671
668
665
665
661
659
656
653
650
649
645
642
637
633
630
628
625
625
622
620
618
615
609
606
604
602
600
599
596
594
593
590
590
589
587
586
582
582
578
576
572
568
565
561
559
558
556
555
552
552
551
546
542
538
536
535
533
527
524
522
521
520
516
512
508
506
503
501
498
497
495
491
487
484
482
480
478
476
472
470
470
469
468
465
461
455
450
450
447
445
441
438
437
433
431
430
428
428
426
422
421
418
416
411
407
404
402
400
398
396
393
391
390
387
385
382
380
380
379
379
379
379
378
378
378
375
375
375
375
375
373
371
371
371
371
370
370
368
367
367
366
363
362
361
359
359
355
354
353
353
353
351
351
351
350
350
350
350
350
350
350
350
350
350
350
350
350
350
350
350
350
350
350
350
