49
55
64
74
75
78
78
78
80
76
74
73
70
72
73
73
72
71
70
70
65
68
72
76
89
98
117
126
129
141
157
165
172
176
177
175
179
180
175
175
153
147
139
131
121
116
102
96
92
88
85
78
74
75
77
78
75
77
79
82
79
81
79
81
83
81
84
85
83
83
82
85
88
83
77
77
75
77
77
74
77
78
89
81
77
78
78
75
76
77
84
86
88
91
94
95
91
89
90
94
92
89
82
85
86
81
73
75
72
74
71
72
73
76
73
72
67
62
60
55
55
56
54
53
50
50
51
51
56
54
54
53
54
50
52
54
55
56
57
60
62
60
60
57
58
56
57
58
53
59
57
60
59
59
60
65
68
76
71
69
68
69
68
71
73
74
77
73
72
65
65
60
62
66
71
70
63
54
54
57
58
53
54
49
52
52
54
55
53
56
58
56
55
54
51
52
53
55
54
52
50
50
49
51
52
51
50
52
52
51
51
50
48
50
46
47
46
48
46
48
52
55
53
54
48
48
46
44
43
42
44
43
44
44
49
48
47
45
46
45
45
44
47
48
49
45
43
39
36
37
34
34
33
33
33
34
34
35
33
36
37
35
36
34
29
30
27
32
31
33
31
31
35
35
34
35
38
37
37
38
41
40
41
42
44
41
42
41
43
40
38
35
29
28
26
26
22
24
23
22
22
22
25
25
28
31
32
32
30
32
35
36
38
39
30
27
23
24
20
21
19
15
14
17
20
19
20
21
18
19
19
18
17
19
20
19
19
20
20
19
16
16
17
15
15
15
16
20
20
24
21
22
24
27
29
31
30
31
31
31
29
29
28
30
31
29
25
24
29
27
27
28
25
27
28
30
31
31
33
34
35
36
38
37
38
37
35
34
32
34
32
31
28
19
19
16
18
21
20
20
20
23
24
20
21
19
14
10
7
7
9
9
11
12
12
9
10
8
9
7
7
10
7
8
10
12
15
15
12
11
11
11
11
11
11
10
12
11
10
9
6
7
7
6
5
4
4
3
4
4
4
4
7
8
9
11
9
9
8
6
2
1
3
3
2
3
2
2
2
1
1
1
1
1
1
1
1
1
1
1
1
1
1
1
0
