25
25
25
25
25
25
25
25
25
25
25
25
25
25
25
25
25
25
25
25
25
25
25
25
25
25
25
25
25
25
25
25
25
25
25
25
25
25
25
25
25
25
25
25
25
25
25
25
25
25
25
25
25
25
25
25
25
25
25
25
25
25
25
25
25
25
25
25
25
25
25
25
25
25
25
25
25
25
25
25
25
25
25
25
25
25
25
25
25
25
25
25
25
25
25
25
25
25
25
25
25
25
25
25
25
25
25
25
25
25
25
25
25
25
25
25
25
25
25
25
25
25
25
25
25
25
25
25
25
25
25
25
25
25
25
25
25
25
25
25
25
25
25
25
25
25
25
25
25
25
25
28
29
29
29
29
29
29
29
30
33
35
35
35
35
35
35
35
35
35
35
35
35
35
35
35
35
35
35
35
35
35
35
35
35
35
35
35
35
35
35
35
35
35
35
35
35
35
35
36
37
37
37
37
37
37
37
37
37
37
37
37
39
41
43
43
43
43
46
46
47
47
47
47
47
50
53
54
54
54
54
56
57
61
62
62
62
62
62
62
62
62
62
64
65
68
72
76
76
76
76
77
79
82
83
83
84
88
90
90
91
92
93
93
93
93
93
93
94
97
100
103
104
105
106
109
110
110
114
114
116
117
117
118
120
121
122
124
127
128
128
128
127
127
127
128
128
128
128
127
130
130
130
129
131
131
131
133
132
132
132
132
132
131
131
130
131
132
132
134
136
137
138
138
139
139
138
138
139
138
135
136
134
134
133
133
133
133
130
127
125
125
125
124
126
128
128
129
132
133
132
133
133
134
135
135
136
136
136
137
139
139
138
140
141
143
144
146
150
154
154
156
155
155
154
154
154
155
156
159
161
161
161
161
160
160
160
160
160
160
159
156
155
153
154
154
154
151
150
150
153
154
154
154
151
148
148
148
148
148
145
143
140
139
139
139
139
139
139
139
139
139
137
136
133
129
125
125
125
125
124
122
121
124
128
127
123
121
121
120
119
118
118
121
125
129
133
134
131
128
127
128
128
126
123
122
122
119
118
117
115
115
114
112
111
110
108
105
103
103
103
103
103
103
101
101
101
101
101
98
98
97
97
95
78
