49
40
30
20
18
14
12
12
9
8
8
6
4
2
1
1
1
0
0
0
338
370
424
466
460
466
457
446
452
435
403
411
400
410
403
396
381
369
363
349
580
639
709
791
884
956
1122
1187
1224
1322
1374
1459
1523
1563
1593
1588
1631
1629
1630
1631
1673
1681
1715
1713
1740
1790
1830
1839
1866
1892
1912
1925
1948
2009
2038
2060
2089
2107
2119
2126
2164
2168
2160
2180
2199
2189
2199
2179
2153
2146
2132
2121
2121
2094
2087
2103
2136
2155
2163
2171
2218
2237
2307
2288
2302
2324
2385
2369
2388
2380
2419
2418
2413
2413
2414
2401
2406
2409
2413
2447
2468
2455
2463
2487
2498
2497
2470
2470
2474
2490
2500
2512
2536
2574
2590
2581
2570
2563
2585
2583
2601
2607
2604
2625
2634
2647
2647
2648
2692
2687
2704
2701
2715
2709
2705
2685
2668
2642
2674
2694
2716
2720
2715
2717
2733
2733
2741
2750
2748
2803
2806
2844
2867
2854
2835
2852
2879
2950
2938
2927
2924
2947
2932
2971
2976
2955
2960
2960
2963
2971
2972
2980
3001
3014
3052
3065
3067
3052
3069
3092
3111
3109
3116
3109
3129
3121
3130
3115
3091
3082
3076
3062
3073
3053
3058
3066
3064
3064
3065
3053
3024
3001
2975
2945
2980
2964
2962
2971
2974
2960
2944
2943
2938
2939
2912
2938
2937
2937
2938
2936
2935
2949
2925
2915
2900
2913
2904
2901
2903
2899
2914
2892
2886
2894
2901
2880
2856
2834
2851
2803
2755
2723
2712
2700
2684
2660
2665
2622
2600
2574
2544
2487
2450
2427
2411
2350
2298
2291
2262
2223
2184
2154
2115
2095
2048
2009
1968
1949
1912
1930
1918
1882
1864
1858
1830
1799
1783
1743
1694
1661
1619
1562
1517
1502
1469
1418
1348
1302
1284
1229
1185
1150
1100
1066
1062
1031
999
973
943
913
899
867
842
810
779
749
726
704
700
682
662
646
629
619
604
571
541
524
504
482
466
424
402
399
384
379
370
357
346
332
318
313
302
290
282
276
291
292
283
309
328
331
339
330
319
322
305
295
273
274
250
247
261
264
279
279
276
291
273
262
259
266
267
260
265
270
272
266
276
271
270
258
253
283
270
248
219
218
200
201
194
186
175
180
173
168
161
144
132
123
115
105
107
103
89
79
73
79
64
57
51
43
34
28
24
21
18
15
15
12
12
12
12
11
11
11
16
16
26
15
15
12
10
9
18
17
12
22
20
19
19
18
15
14
13
10
10
6
5
4
4
4
2
2
2
0
0
0
0
0
0
0
0
0
0
0
0
0
0
0
0
0
0
0
0
