2000
1942
1934
1923
1918
1914
1910
1910
1910
1909
1908
1906
1905
1905
1905
1904
1903
1903
1903
1903
1903
1870
1859
1839
1823
1803
1781
1770
1757
1741
1724
1713
1701
1686
1676
1668
1661
1652
1645
1635
1629
1622
1617
1607
1602
1596
1594
1591
1584
1577
1571
1569
1566
1560
1556
1554
1550
1545
1542
1536
1534
1530
1526
1523
1522
1513
1511
1505
1500
1496
1491
1488
1483
1481
1477
1468
1462
1457
1452
1449
1445
1438
1432
1423
1415
1408
1397
1388
1385
1382
1377
1373
1366
1358
1352
1348
1342
1334
1329
1323
1316
1304
1298
1294
1289
1281
1274
1271
1266
1263
1259
1256
1254
1249
1245
1242
1236
1233
1230
1226
1220
1216
1212
1205
1200
1195
1190
1188
1185
1182
1182
1176
1171
1166
1162
1159
1154
1150
1147
1144
1138
1136
1129
1127
1124
1119
1113
1112
1102
1100
1096
1091
1084
1082
1077
1070
1069
1066
1062
1057
1054
1052
1046
1045
