0
50
57
65
67
70
74
73
70
69
68
67
67
66
65
66
67
67
66
65
64
62
69
80
92
109
125
133
143
150
162
168
173
182
189
192
189
194
197
204
208
190
185
176
166
158
142
134
133
130
128
121
112
105
102
96
95
89
85
85
81
78
74
67
63
63
59
61
60
57
55
55
59
56
56
63
62
63
65
62
61
62
63
69
75
71
76
74
72
72
75
76
79
81
85
85
87
85
81
85
85
87
85
82
80
76
76
76
79
80
79
78
74
75
76
77
75
72
69
66
65
65
64
66
66
67
67
65
62
61
56
56
60
62
62
58
55
55
53
54
53
52
57
54
54
54
55
54
61
62
62
60
62
62
65
69
65
65
66
69
67
66
67
67
