100
42
33
22
17
13
9
9
9
8
6
4
2
2
2
1
0
0
0
0
0
317
344
400
424
434
452
436
420
411
392
385
378
363
353
348
349
340
333
323
314
507
581
719
841
960
1108
1192
1258
1339
1402
1466
1556
1658
1695
1736
1768
1820
1856
1904
1945
2003
2019
2078
2111
2137
2120
2108
2129
2166
2175
2164
2136
2143
2159
2139
2152
2142
2129
2116
2070
2060
2040
1985
1975
2016
1990
1986
1971
1936
1913
1872
1846
1799
1769
1761
1763
1767
1787
1773
1770
1798
1826
1822
1815
1803
1834
1807
1791
1765
1752
1718
1729
1727
1718
1714
1742
1726
1731
1731
1733
1737
1737
1745
1757
1777
1790
1800
1828
1827
1833
1834
1816
1796
1793
1792
1812
1790
1766
1753
1768
1743
1682
1687
1681
1666
1655
1631
1608
1593
1548
1559
1546
1540
1540
1529
1534
1539
1543
1538
1579
1583
1601
1590
