2000
2000
1953
1945
1943
1935
1931
1926
1921
1920
1914
1913
1911
1911
1910
1909
1909
1909
1909
1908
1907
1892
1887
1876
1871
1858
1849
1841
1828
1821
1813
1800
1785
1777
1767
1758
1751
1744
1738
1736
1730
1719
1715
1707
1703
1692
1681
1677
1673
1666
1660
1654
1647
1642
1639
1630
1622
1614
1610
1603
1596
1587
1581
1577
1568
1558
1552
1541
1538
1532
1525
1522
1515
1508
1501
1493
1484
1476
1470
1460
1455
1450
1446
1441
1435
1428
1423
1417
1410
1403
1395
1391
1381
1378
1375
1370
1367
1359
1356
1352
1347
1345
1342
1340
1337
1330
1329
1326
1323
1318
1313
1313
1307
1304
1302
1298
1296
1293
1288
1286
1282
1276
1271
1268
1266
1263
1258
1253
1249
1246
1240
1233
1226
1222
1220
1219
1214
1205
1200
1197
1193
1190
1185
1179
1173
1170
1165
1161
1157
1155
1153
1151
1148
1147
1143
1142
1140
1134
1130
1124
1122
1120
1115
1108
1107
1107
1106
1103
1101
1095
1094
1093
1091
1090
1088
1084
1081
1079
1073
1070
1065
1064
1056
1054
1052
1045
1042
1038
1035
1031
1029
1025
1022
1018
1017
1016
1013
1007
1006
1005
1003
999
995
995
991
986
985
984
979
977
972
970
967
965
962
958
952
947
945
937
929
927
925
922
918
915
911
909
905
900
897
893
891
885
882
880
876
874
874
874
867
864
862
857
852
851
850
850
846
843
841
837
832
830
829
828
826
825
821
820
817
813
811
808
806
804
804
802
801
799
798
795
795
792
791
790
786
784
783
782
781
780
779
779
778
778
777
775
774
773
772
769
768
767
765
762
761
757
755
754
752
749
746
745
739
738
737
737
736
735
733
732
729
729
727
726
724
724
724
724
724
724
723
723
721
721
720
719
719
719
717
716
715
714
713
712
711
710
709
709
709
709
709
708
704
703
701
700
697
696
696
695
695
695
695
694
693
692
692
692
692
692
692
692
692
692
692
692
691
689
688
686
684
684
684
683
680
677
676
676
675
675
674
673
673
672
672
672
671
671
671
671
671
671
671
671
671
