0
0
44
51
53
57
60
59
64
64
67
67
64
62
62
60
59
58
56
55
54
41
42
49
51
56
62
66
77
82
86
97
110
115
123
125
132
137
140
139
138
127
125
125
122
127
129
126
123
124
122
116
111
109
102
104
109
110
104
106
105
103
105
100
101
98
92
97
94
94
95
91
92
90
92
90
91
87
86
89
89
89
84
85
81
79
82
80
85
88
91
91
94
95
95
93
94
92
92
86
84
82
83
79
77
78
75
73
69
69
69
65
62
61
61
60
55
55
56
57
57
60
62
62
59
56
58
61
61
60
58
64
64
62
63
60
64
68
69
68
68
68
67
67
70
69
67
64
65
65
63
59
55
52
51
50
49
47
44
43
43
44
45
49
44
36
35
35
33
35
34
33
31
30
26
30
30
27
31
30
35
32
35
36
37
43
45
45
44
46
46
46
45
44
40
33
33
37
32
27
25
29
30
27
27
28
26
24
29
30
34
34
31
28
29
28
34
36
36
39
46
44
44
40
39
35
33
33
33
33
29
32
32
33
30
23
24
22
19
16
17
16
17
17
19
18
18
18
21
22
21
20
22
19
17
16
16
15
16
17
17
18
18
15
12
12
6
5
5
6
3
5
4
4
5
5
9
11
12
11
12
12
10
10
9
9
5
4
3
4
4
5
5
5
7
8
8
12
13
14
16
19
22
22
27
27
28
27
25
23
20
18
19
18
18
18
14
9
9
9
8
7
6
6
7
5
6
7
6
5
7
8
9
10
10
9
10
9
10
9
8
8
7
8
11
11
13
10
12
7
6
5
5
5
5
6
7
8
8
7
6
5
5
4
3
2
2
2
2
2
3
4
6
4
3
4
5
8
6
6
5
2
2
2
1
2
2
2
3
2
2
2
1
1
1
1
0
