25
25
25
25
25
25
25
25
25
25
25
25
25
25
25
25
25
25
25
25
25
25
25
25
25
25
25
25
25
25
25
25
25
25
25
25
25
25
25
25
25
25
25
25
25
25
25
25
25
25
25
25
25
25
25
25
25
25
25
25
25
25
25
25
25
25
25
25
25
25
25
25
25
25
25
25
25
25
25
25
25
25
25
25
25
25
25
25
25
25
25
25
25
25
25
25
25
25
25
25
25
25
25
25
25
25
25
25
25
25
25
25
25
25
25
25
28
31
31
34
35
35
35
35
35
35
37
41
42
42
42
42
42
42
42
42
42
42
42
42
42
42
42
42
42
44
47
50
50
50
50
50
50
50
50
50
52
54
54
57
60
61
61
61
63
65
67
67
68
71
73
73
73
76
80
84
88
91
92
96
100
104
108
112
116
118
119
122
124
124
124
124
125
127
128
132
132
132
132
132
132
133
135
138
139
142
146
147
147
148
152
155
156
157
161
162
162
163
166
170
174
178
180
182
183
183
185
185
185
186
190
191
191
192
192
192
193
193
193
193
194
194
194
196
199
199
199
199
199
199
199
200
200
200
202
203
203
204
204
205
205
206
207
206
205
206
206
203
202
202
202
201
201
203
201
201
201
201
201
201
201
201
203
203
202
201
202
202
202
202
199
196
195
193
192
192
192
192
192
192
190
186
184
184
184
184
184
184
184
184
183
182
182
182
182
181
184
188
188
187
183
180
181
181
181
181
180
180
180
180
180
178
176
175
173
170
170
170
169
167
164
162
162
161
158
156
156
156
154
149
145
142
137
137
133
130
125
122
119
115
111
111
108
106
106
106
106
106
105
103
101
98
98
98
98
98
98
97
94
92
90
88
84
83
83
83
80
76
74
73
71
68
68
67
65
62
39
