100
100
50
42
40
32
28
22
17
16
10
9
7
7
6
5
5
5
5
4
3
228
246
262
261
273
261
281
284
287
306
292
285
276
274
262
249
234
224
231
234
330
350
410
455
499
545
604
662
669
713
777
844
895
964
1022
1031
1081
1110
1107
1109
1160
1159
1207
1212
1300
1332
1327
1352
1381
1394
1400
1406
1411
1407
1425
1452
1489
1466
1475
1479
1493
1514
1508
1526
1566
1548
1577
1556
1545
1518
1502
1502
1478
1488
1519
1529
1555
1549
1587
1599
1606
1591
1594
1581
1610
1623
1641
1680
1703
1727
1760
1808
1805
1805
1827
1856
1865
1859
1839
1834
1841
1851
1839
1840
1848
1846
1852
1870
1895
1912
1895
1916
1920
1901
1923
1923
1938
1947
1953
1972
1991
2029
2031
2023
2045
2057
2087
2094
2091
2112
2150
2180
2178
2175
2171
2180
2179
2195
2193
2187
2173
2122
2104
2067
2053
2039
2007
1995
1967
1951
1934
1899
1876
1860
1846
1851
1840
1828
1844
1813
1812
1821
1807
1789
1761
1724
1708
1690
1687
1678
1649
1635
1611
1585
1591
1592
1568
1602
1590
1605
1567
1565
1511
1487
1452
1427
1376
1342
1331
1293
1281
1258
1246
1205
1184
1159
1148
1129
1104
1090
1069
1058
1041
1018
1033
999
982
964
949
934
908
900
879
868
860
833
819
795
794
774
753
728
697
685
656
630
614
564
530
494
491
460
445
432
415
420
412
393
378
376
374
355
335
326
308
297
275
255
233
222
222
214
206
198
189
173
166
163
155
152
143
136
134
134
130
112
101
99
94
88
72
68
65
59
55
60
56
51
50
47
42
39
37
31
28
25
25
24
19
27
35
31
29
26
11
9
9
9
8
8
8
17
17
15
15
14
13
13
13
11
10
9
7
15
14
13
12
9
9
9
8
8
7
13
12
10
8
5
4
4
3
3
3
3
2
1
0
0
0
0
0
0
10
20
30
30
30
29
27
24
22
20
20
17
13
9
6
5
5
4
4
3
2
2
1
1
1
0
0
0
0
0
0
0
0
0
