2000
1941
1935
1933
1928
1924
1922
1921
1921
1916
1913
1912
1912
1911
1911
1910
1909
1908
1908
1908
1872
1863
1855
1847
1840
1827
1820
1810
1805
1799
1792
1788
1778
1769
1760
1756
1751
1744
1737
1731
1725
1723
1718
1712
1708
1705
1699
1693
1687
1685
1677
1670
1665
1653
1644
1640
1635
1634
1632
1628
1622
1615
1608
1604
1593
1588
1583
1576
1567
1564
1557
1553
1551
1545
1537
1535
1530
1525
1521
1513
1509
1502
1497
1486
1481
1478
1473
1471
1469
1465
1460
1454
1450
1444
1439
1436
1430
1425
1422
1417
1409
1407
1402
1398
1391
1387
1383
1377
1375
1370
1368
1363
1355
1350
1348
1343
1339
1335
1329
1326
1324
1318
1313
1310
1302
1302
1300
1299
1297
1295
1292
1287
1286
1278
1273
1270
1265
1260
1255
1250
1245
1244
1241
1235
1227
1224
1221
1219
1213
1207
1204
1200
1197
1194
1191
1189
1188
1183
1178
1175
1168
1163
1162
1156
1152
1148
1146
1144
1140
1137
1135
1132
1128
1125
1122
1120
1115
1115
1113
1109
1106
1103
1099
1096
1093
1090
1089
1087
1086
1081
1078
1072
1067
1063
1061
1058
1057
1054
1052
1049
1046
1038
1038
1036
1031
1029
1026
1024
1021
1021
1018
1015
1011
1009
1006
1004
999
997
992
990
988
986
980
976
973
971
969
966
965
963
960
958
952
950
947
945
943
941
936
933
931
926
926
922
920
919
918
915
914
910
908
907
906
903
901
901
898
897
892
892
889
887
883
879
878
878
875
874
872
868
868
864
861
860
858
857
857
856
852
849
848
846
842
841
839
839
836
834
834
829
827
825
821
820
818
818
815
813
811
808
805
803
800
799
797
795
793
793
788
787
787
786
785
784
783
780
778
777
776
775
773
772
765
762
761
756
755
751
748
745
741
739
738
737
733
731
731
729
728
725
723
722
720
719
718
715
713
710
708
707
704
703
696
696
691
688
684
684
680
678
675
673
673
670
670
669
665
665
664
664
661
659
655
654
654
652
648
648
647
644
640
639
636
633
631
626
626
625
622
622
620
618
617
615
611
609
607
607
605
603
603
598
598
597
594
593
593
589
588
587
586
584
582
580
579
578
576
573
569
568
567
564
561
560
558
555
551
549
548
547
546
542
540
538
533
532
529
528
527
526
526
524
524
522
519
515
514
512
511
508
507
505
503
500
499
497
489
483
478
478
475
469
469
465
464
462
458
455
451
445
441
439
434
434
432
429
429
426
424
422
419
413
412
410
407
402
400
400
397
391
389
387
386
386
382
376
371
367
361
360
359
357
354
350
348
345
344
342
338
336
333
331
327
324
320
319
317
313
310
309
305
302
299
295
292
288
284
284
280
278
276
274
271
271
267
266
265
264
263
262
260
259
257
254
252
246
241
239
235
231
228
223
218
217
216
214
212
211
211
211
209
207
206
206
202
199
196
195
194
193
190
186
184
182
179
179
177
174
171
168
165
162
161
161
160
158
157
154
152
148
148
147
147
147
146
146
145
145
145
144
144
141
139
137
137
137
137
137
136
134
133
132
132
131
128
126
124
122
121
121
121
120
120
119
117
117
117
114
114
114
112
112
112
112
112
109
107
105
103
103
103
102
102
102
102
101
100
99
99
99
98
98
98
94
94
94
94
93
92
91
89
89
88
88
87
87
86
86
86
86
85
85
85
83
82
79
79
78
78
77
75
75
75
74
74
73
71
70
68
67
67
65
65
65
65
64
63
63
62
62
62
62
60
58
57
57
57
57
57
57
56
54
52
51
51
51
