0
53
56
56
61
63
61
62
61
65
66
65
65
62
61
58
57
57
57
55
58
62
68
72
71
79
84
92
95
96
99
101
107
115
123
121
125
129
134
136
111
102
98
96
92
78
79
77
77
73
75
76
73
76
78
78
77
70
66
66
70
75
78
77
82
81
84
89
92
93
93
91
82
79
79
75
76
77
75
77
75
76
78
83
76
78
81
74
66
69
68
68
67
66
65
65
69
71
70
71
76
72
75
72
74
76
75
75
73
75
73
74
80
81
80
83
78
77
81
76
71
73
74
70
72
69
67
63
62
59
60
61
53
56
59
58
60
62
61
63
63
60
58
61
63
65
65
66
69
74
75
73
76
71
70
69
66
66
69
68
70
72
68
67
64
64
65
65
60
56
55
55
53
53
53
54
58
54
54
55
55
53
55
53
52
51
51
50
49
52
53
55
56
57
57
59
55
58
58
56
53
59
55
56
55
54
55
56
58
53
53
49
48
48
48
49
51
51
54
52
54
50
56
57
52
50
48
49
47
49
50
52
53
54
54
53
54
51
49
51
53
53
49
48
47
46
44
45
45
47
47
46
41
42
41
39
39
38
38
36
37
33
36
34
32
32
35
32
33
36
31
34
36
34
34
30
29
26
28
31
30
30
31
28
28
28
28
30
28
29
27
28
30
28
28
28
29
29
28
24
24
23
22
23
22
23
22
19
22
23
21
19
18
18
19
19
19
18
19
18
18
18
21
22
22
24
24
25
26
28
29
31
27
24
26
24
24
24
24
25
24
24
22
20
21
22
22
25
26
25
26
25
29
25
25
26
27
26
27
26
28
29
28
31
31
29
29
27
25
25
25
27
27
27
24
21
23
23
22
22
24
25
26
29
31
31
30
31
33
33
31
30
29
29
32
31
28
26
25
21
20
23
22
21
22
21
20
22
23
24
25
25
25
26
23
20
18
21
24
23
21
21
24
25
26
27
30
29
28
28
26
26
26
26
28
27
29
28
27
24
23
25
23
25
27
30
29
31
30
31
30
26
26
26
27
24
24
26
30
27
29
34
34
36
34
34
35
38
42
44
46
47
52
51
50
50
45
42
41
41
35
36
37
35
37
37
37
34
35
32
31
31
29
27
30
33
37
36
37
37
30
29
28
27
25
25
24
25
26
27
29
31
29
28
29
27
27
28
29
30
34
34
32
30
32
32
30
29
29
29
29
29
27
26
24
25
24
17
16
17
16
17
18
20
21
25
27
29
31
32
32
33
34
32
29
28
29
28
27
27
24
25
23
22
25
27
24
23
19
17
20
20
20
20
22
21
22
23
24
25
27
25
23
18
17
19
20
21
21
20
18
17
15
13
14
14
13
9
8
8
8
11
13
15
15
12
10
9
8
7
8
7
5
6
9
9
11
12
13
12
12
11
9
8
8
7
7
10
10
8
8
5
5
5
5
8
9
9
9
7
7
7
6
6
5
6
7
5
4
3
3
3
3
7
7
7
7
8
9
10
11
10
9
9
10
10
9
9
9
9
10
10
10
7
6
9
7
6
5
6
7
6
5
6
5
6
7
7
9
10
10
12
11
11
10
10
11
11
12
11
6
6
7
8
8
8
8
8
7
7
8
10
11
12
12
11
