25
25
25
25
25
25
25
25
25
25
25
25
25
25
25
25
25
25
25
25
25
25
25
25
25
25
25
25
25
25
25
25
25
25
25
25
25
25
25
25
25
25
25
25
25
25
25
25
25
25
25
25
25
25
25
25
25
25
25
25
25
25
25
25
25
25
25
25
25
25
25
25
25
25
25
25
25
25
25
25
25
25
25
25
25
25
25
25
25
25
25
25
25
25
25
25
25
25
25
25
25
25
25
25
25
25
25
25
25
25
25
25
25
25
25
25
25
25
25
25
25
25
25
25
25
25
25
25
25
25
25
25
25
25
25
25
25
25
25
25
25
25
25
25
25
25
25
25
28
30
30
30
30
30
30
30
30
30
30
32
36
37
37
37
37
37
37
38
39
42
44
44
44
44
46
48
52
56
60
60
60
60
60
60
60
60
60
60
60
60
60
60
60
60
64
68
72
75
75
79
83
87
91
94
97
99
99
99
99
99
99
101
101
104
106
106
106
106
106
106
106
106
106
106
106
106
106
106
108
108
108
108
108
108
109
109
112
112
112
112
112
112
112
114
114
114
116
116
116
116
117
118
118
121
121
122
122
122
122
122
122
122
123
123
124
124
124
125
126
127
127
127
127
127
127
129
133
136
140
141
141
141
141
141
141
140
140
140
141
141
141
140
140
140
140
140
139
139
138
138
138
138
138
138
138
138
142
143
143
144
142
142
142
141
140
140
140
139
137
134
135
135
136
136
138
140
140
141
140
138
136
133
132
130
130
130
130
129
127
127
126
125
126
126
127
125
122
119
115
112
111
110
110
110
110
110
110
110
110
110
110
110
109
109
106
101
99
95
94
91
89
84
82
80
78
77
76
76
76
76
76
75
74
74
70
70
70
70
70
70
70
70
70
71
72
72
72
72
71
70
70
70
70
71
71
73
73
71
71
71
71
71
71
72
71
70
71
70
69
69
69
67
69
69
67
67
66
66
66
66
66
66
67
66
67
69
68
68
68
67
66
67
67
67
67
67
67
65
63
58
56
56
56
57
57
59
60
62
65
64
66
66
66
66
66
66
66
66
67
68
70
72
73
73
73
72
74
75
71
71
70
70
70
70
71
71
72
73
73
73
73
73
71
71
70
69
69
72
73
72
73
73
75
79
83
86
86
86
86
86
85
85
84
84
83
83
82
81
80
80
80
80
82
82
82
82
82
82
82
82
82
82
82
82
82
83
84
85
85
86
86
88
89
89
91
92
91
90
89
89
89
91
92
94
96
96
95
95
96
96
97
97
97
97
97
97
96
96
95
95
96
97
97
97
97
97
96
96
95
93
92
93
95
95
95
95
95
94
94
97
97
97
97
97
97
97
95
94
94
94
94
94
94
94
94
94
93
93
93
94
96
96
96
95
95
94
94
94
94
94
93
92
92
92
91
91
91
91
90
90
88
87
85
83
83
81
81
81
81
81
81
81
81
80
79
76
74
73
72
72
73
72
68
68
67
66
66
66
66
65
64
64
63
62
62
62
62
62
62
62
62
62
61
57
55
54
54
54
52
50
44
41
41
41
41
41
41
41
41
40
40
40
40
40
40
40
40
40
39
38
38
38
38
38
38
38
38
38
38
38
38
37
37
35
35
35
