100
39
31
28
23
19
17
16
15
10
7
6
6
5
5
4
3
2
2
2
296
307
299
321
343
338
330
314
305
331
334
336
324
325
309
313
317
319
308
294
505
581
621
650
688
743
762
806
827
853
895
908
951
998
1023
1021
1032
1083
1114
1079
1076
1061
1070
1089
1097
1105
1116
1106
1118
1107
1112
1141
1156
1227
1273
1288
1315
1303
1306
1328
1332
1352
1343
1352
1428
1429
1422
1447
1472
1458
1441
1443
1438
1417
1426
1418
1417
1416
1424
1442
1448
1489
1492
1514
1540
1535
1567
1569
1572
1572
1595
1611
1609
1622
1640
1640
1689
1728
1726
1748
1783
1790
1798
1803
1817
1814
1829
1862
1865
1897
1898
1913
1980
1994
1973
2006
2016
2022
2058
2066
2074
2097
2101
2096
2119
2104
2092
2072
2059
2037
2029
2051
2027
2066
2084
2089
2119
2137
2136
2156
2166
2162
2179
2213
2275
2291
2293
2304
2349
2392
2411
2424
2432
2438
2452
2445
2422
2448
2443
2459
2475
2500
2484
2524
2560
2576
2578
2591
2604
2599
2608
2615
2635
2659
2665
2668
2710
2700
2716
2742
2760
2762
2774
2780
2793
2805
2777
2778
2771
2814
2830
2870
2915
2920
2944
2931
2929
2942
2950
2968
2950
2994
2981
2991
3023
3023
3031
3033
3046
3035
3028
3012
3035
3039
3053
3063
3050
3091
3127
3125
3116
3148
3185
3204
3225
3226
3251
3259
3265
3261
3274
3290
3345
3358
3382
3396
3382
3398
3397
3410
3421
3449
3433
3415
3405
3386
3364
3356
3336
3267
3286
3244
3226
3218
3209
3187
3181
3133
3131
3089
3081
3075
3041
3052
3022
3001
3001
2947
2952
2960
2910
2887
2881
2841
2842
2836
2801
2799
2808
2817
2815
2810
2807
2775
2759
2742
2721
2720
2701
2685
2675
2668
2664
2661
2630
2608
2599
2576
2558
2519
2502
2502
2478
2477
2442
2406
2397
2367
2357
2310
2269
2246
2224
2226
2184
2158
2144
2115
2069
2033
1998
1989
1968
1954
1938
1928
1924
1903
1900
1901
1901
1894
1867
1860
1816
1782
1780
1762
1722
1708
1672
1631
1622
1585
1553
1562
1555
1549
1550
1536
1531
1514
1532
1506
1510
1518
1518
1509
1508
1511
1503
1459
1439
1417
1397
1378
1371
1363
1361
1357
1377
1361
1370
1364
1351
1365
1384
1358
1329
1353
1346
1317
1295
1301
1299
1313
1302
1302
1299
1286
1268
1267
1271
1265
1285
1281
1274
1270
1243
1241
1229
1244
1227
1217
1221
1218
1202
1205
1196
1182
1163
1173
1174
1162
1158
1164
1157
1161
1153
1150
1144
1121
1134
1108
1080
1072
1070
1047
1049
1045
1033
1061
1040
1027
1018
1024
1028
1005
968
968
954
938
928
922
932
932
920
899
885
863
859
847
835
828
811
794
827
835
835
830
824
809
799
821
820
830
831
841
855
881
897
878
884
878
860
863
852
860
851
849
858
854
852
829
831
823
826
811
816
807
789
768
740
710
698
680
658
649
624
606
589
571
571
586
573
555
533
522
540
533
523
510
497
487
500
492
493
492
488
475
465
449
442
439
439
426
417
408
416
409
403
399
410
399
383
376
363
360
365
358
353
344
338
331
325
325
326
324
318
322
308
321
321
309
300
304
296
285
276
265
270
274
270
258
263
256
249
249
255
236
244
249
242
228
223
220
216
236
242
233
224
220
210
201
197
193
191
199
206
216
211
203
198
194
189
185
179
174
167
171
165
170
175
168
158
151
140
131
121
124
116
115
115
108
107
103
98
94
102
101
99
105
105
104
103
100
98
106
105
103
95
91
88
84
84
83
83
80
79
76
73
73
70
70
68
67
76
76
75
75
73
73
73
111
108
100
95
102
109
107
114
112
111
107
117
115
111
109
104
95
89
85
81
81
80
83
82
80
78
75
93
74
71
67
65
64
64
60
69
65
64
61
56
52
48
58
