2000
1938
1931
1927
1921
1915
1912
1911
1911
1911
1911
1911
1911
1911
1910
1909
1908
1908
1908
1907
1906
1891
1881
1878
1869
1860
1850
1844
1836
1828
1821
1812
1804
1796
1788
1782
1772
1767
1764
1760
1756
1749
1746
1742
1740
1737
1733
1725
1721
1715
1712
1708
1700
1697
1693
1689
1683
1677
1674
1669
1663
1660
1651
1643
1636
1633
1631
1627
1624
1617
1610
1604
1597
1592
1584
1575
1568
1564
1560
1556
1549
1541
1532
1530
1523
1514
1511
1509
1507
1502
1496
1492
1483
1478
1473
1467
1454
1447
1441
1438
1432
1426
1417
1413
1410
1401
1398
1394
1392
1391
1381
1374
1368
1357
1352
1348
1343
1339
1334
1329
1327
1323
1320
1316
1314
1309
1307
1298
1296
1291
1284
1279
1278
1271
1267
1264
1258
1254
1247
1239
1231
1227
1225
1224
1219
1218
1217
1211
1203
1199
1196
1194
1188
1185
1182
1177
1175
1171
1167
1163
1161
1159
1158
1155
1148
1148
1144
1140
1137
1135
1133
1129
1125
1120
1117
1114
1109
1105
1103
1096
1093
1092
1089
1085
1082
1078
1076
1073
1069
1064
1058
1053
1051
1046
1042
1039
1031
1025
1023
1014
1008
1005
1004
1001
997
992
985
982
979
976
975
973
969
967
964
961
956
953
951
944
941
937
934
932
929
924
919
915
909
908
902
901
898
894
893
888
887
886
881
876
875
874
871
869
868
865
861
854
853
850
848
846
844
841
840
837
832
826
824
823
820
818
816
812
809
806
802
799
795
794
790
790
786
785
784
780
778
777
776
775
774
772
770
764
762
759
758
753
751
750
749
745
742
739
739
737
736
736
736
735
733
732
732
730
729
727
727
726
725
723
722
720
719
719
719
719
718
718
718
717
717
717
717
717
717
717
717
716
715
715
715
714
713
712
710
710
708
707
707
707
707
707
707
707
707
707
707
