0
51
55
59
61
61
61
58
52
51
51
48
45
43
40
40
41
41
40
39
39
29
34
35
42
46
51
56
60
67
72
79
86
92
99
103
111
110
110
108
109
102
97
98
88
87
86
87
83
81
78
73
70
68
64
62
61
58
59
60
63
62
64
66
69
68
65
64
64
64
71
73
75
75
80
83
85
88
88
86
86
92
91
87
87
90
91
87
87
83
86
85
84
81
75
72
81
85
87
84
85
84
87
87
80
80
80
81
80
78
81
82
86
94
88
88
82
80
77
78
74
73
69
69
67
70
69
75
77
79
80
81
78
76
72
72
73
72
73
77
79
81
77
71
72
71
68
70
76
73
69
66
72
71
70
71
70
65
63
59
56
56
55
56
58
58
58
56
53
51
49
48
44
41
40
40
37
36
32
37
39
37
35
36
37
37
33
34
36
38
39
39
40
42
43
42
47
47
44
48
50
50
47
46
47
49
52
50
48
51
49
45
44
46
48
49
47
44
45
44
42
43
44
43
44
47
48
49
51
50
54
50
46
45
40
39
33
28
29
29
27
21
20
17
15
14
16
18
16
16
13
13
13
12
12
14
18
18
15
13
13
14
14
17
19
19
18
13
13
8
8
8
11
10
10
11
11
11
9
8
7
9
11
16
18
20
20
19
17
13
9
8
10
10
8
7
5
3
2
2
3
3
0
2
2
4
4
3
4
6
7
9
9
9
8
8
8
8
8
7
7
5
5
5
3
1
1
2
2
2
2
3
4
4
3
0
1
2
2
2
2
2
2
1
1
1
0
