25
25
25
25
25
25
25
25
25
25
25
25
25
25
25
25
25
25
25
25
25
25
25
25
25
25
25
25
25
25
25
25
25
25
25
25
25
25
25
25
25
25
25
25
25
25
25
25
25
25
25
25
25
25
25
25
25
25
25
25
25
25
25
25
25
25
25
25
25
25
25
25
25
25
25
25
25
25
25
25
25
25
25
25
25
25
25
25
25
25
25
25
25
25
25
25
25
25
25
25
25
25
25
25
25
25
25
25
25
25
25
26
30
34
38
42
42
42
42
42
42
42
42
42
42
42
42
42
42
42
42
42
42
42
43
45
45
45
45
45
45
45
47
49
49
49
49
50
54
55
55
55
55
55
55
55
58
62
66
70
72
72
72
72
72
72
72
72
72
72
72
72
74
74
74
74
74
74
74
74
74
74
74
75
76
76
79
80
80
81
81
81
85
85
85
85
85
85
85
86
88
88
88
88
91
91
91
91
94
96
97
98
98
99
99
101
105
108
108
108
108
108
108
108
108
108
111
111
113
117
117
119
119
119
119
119
120
121
121
121
124
125
126
126
126
129
129
129
129
129
129
129
130
131
133
133
133
135
139
140
140
140
140
141
141
144
146
147
149
149
148
148
148
147
147
146
145
145
145
145
145
145
144
144
147
147
147
150
149
149
148
144
140
136
132
133
136
140
140
140
144
143
141
141
141
141
140
140
140
141
145
145
148
148
146
145
145
145
146
147
147
145
143
143
142
142
141
137
136
136
136
136
136
136
136
133
128
125
121
117
117
117
117
117
117
117
117
