100
38
30
26
19
13
10
8
8
7
6
5
5
5
4
3
2
2
2
1
0
233
251
258
250
241
248
227
210
200
192
178
169
160
150
154
151
145
139
133
139
190
205
209
265
283
307
342
395
422
450
489
547
584
602
608
625
628
606
604
615
632
630
631
619
625
634
663
679
712
705
734
753
737
738
752
750
732
738
736
764
771
796
834
851
859
863
875
885
915
917
921
940
945
994
1062
1081
1086
1100
1095
1102
1137
1136
1142
1171
1225
1233
1225
1211
1215
1217
1207
1200
1211
1239
1256
1331
1357
1382
1356
1379
1398
1439
1452
1467
1437
1440
1428
1393
1392
1433
1462
1492
1549
1563
1577
1598
1612
1618
1616
1618
1614
1606
1587
1561
1554
1554
1566
1555
1591
1637
1647
1633
1639
1655
1653
1673
1699
1741
1793
1820
1829
1840
1837
1864
1852
1832
1852
1899
1923
1938
1945
1976
1976
1964
1946
1921
1889
1857
1810
1746
1711
1664
1620
1580
1509
1441
1393
1345
1324
1295
1299
1277
1256
1231
1204
1150
1125
1079
1069
1034
995
973
959
942
939
918
917
904
891
908
931
912
886
883
871
895
885
875
905
901
889
879
877
863
849
842
827
808
798
779
773
758
755
756
747
725
712
677
657
637
644
629
624
592
577
561
541
531
504
467
448
437
432
412
392
378
348
329
312
291
281
273
266
252
239
215
207
179
166
153
149
141
133
128
121
108
95
90
81
89
86
83
74
68
58
56
49
40
32
28
23
18
15
13
10
9
8
18
27
24
23
23
19
17
14
14
11
8
6
5
3
2
2
2
2
1
1
1
0
0
0
0
0
0
10
10
9
8
8
8
7
6
5
3
3
1
0
0
0
0
0
0
0
0
0
0
