2000
1948
1942
1933
1929
1923
1915
1912
1910
1909
1908
1907
1907
1907
1906
1906
1906
1905
1904
1904
1904
1883
1879
1867
1859
1846
1835
1823
1810
1798
1790
1775
1771
1764
1755
1750
1744
1737
1728
1724
1718
1715
1706
1704
1698
1689
1683
1678
1676
1670
1661
1655
1653
1647
1642
1637
1631
1624
1619
1618
1613
1608
1601
1594
1586
1578
1569
1563
1558
1552
1544
1537
1525
1518
1513
1507
1502
1499
1492
1484
1480
1468
1464
1463
1455
1452
1444
1439
1432
1429
1426
1422
1417
1412
1408
1403
1398
1395
1392
1389
1387
1382
1375
1372
1365
1363
1358
1352
1350
1342
1335
1329
1326
1322
1318
1314
1310
1307
1302
1299
1294
1291
1289
1286
1279
1275
1267
1262
1258
1251
1246
1241
1240
1236
1231
1227
1223
1219
1218
1212
1207
1206
1204
1201
1196
1193
1185
1182
1178
1176
1174
1171
1170
1165
1162
1157
1154
1152
1148
1146
1141
1136
1134
1132
1126
1124
1119
1117
1115
1111
1108
1105
1102
1098
1094
1091
1090
1088
1083
1078
1072
1069
1064
1061
1054
1052
1051
1047
1046
1044
1042
1037
1034
1027
1024
1020
1017
1014
1010
1010
1010
1003
1001
997
995
992
989
988
984
981
976
972
970
968
966
965
963
958
954
950
947
945
940
938
936
933
930
928
926
920
919
915
911
909
905
903
899
898
896
892
891
890
885
883
880
878
877
876
875
874
873
872
870
870
869
866
866
861
858
856
854
851
848
845
841
838
837
833
829
826
822
821
818
817
810
808
807
804
800
795
794
791
790
783
780
778
776
774
773
770
770
768
767
766
764
762
761
758
754
747
743
739
736
732
727
725
720
717
714
713
709
706
704
700
699
695
692
689
686
681
678
677
674
673
672
672
668
665
662
659
655
650
648
647
643
643
636
634
632
630
628
625
619
614
611
610
606
603
598
594
594
589
583
582
582
577
575
571
568
564
561
556
550
549
548
546
544
542
542
538
537
535
530
527
526
522
520
520
518
515
514
512
511
511
509
505
504
499
497
497
496
495
494
493
488
487
487
484
483
479
479
479
476
475
473
469
468
465
464
462
460
453
449
446
444
442
440
437
436
433
431
429
426
424
424
423
422
422
422
421
421
421
421
421
421
420
420
418
418
418
416
415
412
412
411
408
408
404
403
401
401
401
401
401
401
401
401
401
401
401
401
401
400
399
399
399
399
399
398
398
397
397
397
397
397
397
396
