0
45
51
58
62
66
70
68
64
65
62
61
59
57
56
54
51
50
47
43
43
42
44
53
60
69
74
83
95
101
109
121
121
123
130
129
128
131
137
137
142
132
136
123
123
115
112
106
98
98
100
95
94
95
96
98
94
95
93
89
91
92
92
96
98
97
103
101
103
103
100
102
112
112
114
112
111
111
112
116
112
118
114
108
109
106
106
107
106
103
100
96
91
89
88
89
88
86
82
79
76
72
75
76
75
76
76
76
73
79
83
88
85
84
83
83
84
85
87
87
87
85
79
77
75
77
80
79
81
81
78
76
74
73
74
75
75
75
72
76
76
74
74
74
76
75
73
71
71
67
64
63
60
60
59
59
58
54
56
53
53
57
56
54
56
53
54
53
51
53
54
55
58
59
59
56
55
50
53
57
58
55
58
59
59
60
58
60
59
55
53
55
54
59
59
60
62
64
66
62
58
61
58
60
57
58
58
56
58
57
61
61
60
56
56
52
51
53
51
55
54
52
53
52
51
49
48
49
48
52
50
48
51
49
52
54
56
52
51
52
51
49
47
44
46
44
40
40
40
35
34
32
28
25
22
19
16
19
20
22
24
25
24
26
28
27
25
29
32
33
33
33
34
34
40
42
41
42
42
44
41
41
39
45
43
41
35
33
31
30
26
26
26
25
22
20
20
22
24
29
32
33
33
32
35
36
40
38
40
39
42
42
39
35
31
32
32
33
35
35
37
36
37
34
32
29
32
32
33
33
35
36
31
31
28
23
27
27
28
25
23
23
22
23
25
25
25
24
23
26
25
25
28
28
25
24
21
23
23
25
26
30
35
35
34
31
29
24
22
23
23
20
23
21
21
23
22
21
21
20
18
18
16
14
14
15
14
16
14
12
12
9
9
8
11
10
9
12
8
8
7
6
7
8
6
9
8
10
10
10
8
8
12
14
15
16
13
13
12
15
16
14
13
13
12
11
11
10
9
9
9
8
6
6
5
5
5
7
7
7
4
4
7
5
6
8
7
10
7
4
2
2
2
2
2
1
1
0
0
0
0
0
1
2
2
2
1
1
2
1
2
2
1
1
1
0
0
