25
25
25
25
25
25
25
25
25
25
25
25
25
25
25
25
25
25
25
25
25
25
25
25
25
25
25
25
25
25
25
25
25
25
25
25
25
25
25
25
25
25
25
25
25
25
25
25
25
25
25
25
25
25
25
25
25
25
25
25
25
25
25
25
25
25
25
25
25
25
25
25
25
25
25
25
25
25
25
25
25
25
25
25
25
25
25
25
25
25
25
25
25
25
25
25
25
25
25
25
25
25
25
25
25
25
25
25
25
25
25
25
25
25
25
25
25
25
25
25
25
25
25
25
25
25
25
25
25
25
25
26
28
31
31
31
31
31
31
31
31
31
31
32
35
39
39
39
40
43
43
43
43
43
43
43
43
43
43
43
47
50
54
56
56
56
56
56
56
56
56
56
56
56
59
61
61
61
61
61
61
61
64
65
66
67
71
72
74
74
75
75
75
75
75
75
77
78
82
86
87
87
87
87
87
87
87
91
95
95
95
95
95
95
95
95
96
97
98
98
98
98
98
98
99
100
102
104
106
107
108
108
108
108
108
108
108
108
108
108
108
108
109
110
110
110
110
111
115
117
119
120
120
120
120
120
121
122
122
123
126
127
129
130
132
135
138
138
138
138
139
139
142
142
142
142
142
141
141
140
140
143
146
148
148
149
150
153
153
154
156
156
155
154
153
152
151
151
154
156
157
157
157
158
158
159
159
158
156
158
162
162
162
162
162
162
163
164
164
164
160
158
158
157
155
153
153
154
155
157
157
157
157
159
160
158
155
153
147
146
146
146
147
147
147
147
148
148
148
149
147
145
145
147
148
148
148
147
145
145
144
143
140
139
140
141
142
144
147
149
150
150
148
147
143
139
138
138
138
139
143
146
146
145
144
143
143
143
143
143
143
143
141
142
144
148
152
155
155
155
155
153
152
149
149
151
152
152
152
152
152
152
152
152
155
156
156
156
155
154
158
158
158
158
156
152
149
148
148
148
148
148
148
146
146
146
144
142
141
138
138
135
132
130
130
130
129
129
127
125
125
125
125
125
125
125
125
123
121
118
117
117
116
114
112
111
111
109
108
108
108
107
107
107
107
108
110
