100
47
41
31
27
20
12
9
7
6
5
4
4
3
2
2
2
1
0
0
0
199
215
233
235
260
298
300
284
281
270
260
256
242
233
227
219
221
222
215
209
284
304
400
424
504
565
620
703
747
775
832
857
899
934
948
990
997
1056
1088
1098
1113
1154
1149
1189
1257
1271
1314
1327
1349
1386
1407
1381
1422
1439
1470
1499
1516
1536
1532
1552
1575
1622
1663
1691
1724
1731
1731
1725
1749
1778
1817
1887
1927
1956
1984
1992
1998
2019
2064
2076
2140
2149
2162
2216
2213
2230
2264
2279
2263
2251
2230
2254
2264
2262
2266
2275
2274
2283
2302
2303
2333
2391
2411
2470
2482
2515
2563
2569
2619
2670
2707
2725
2750
2753
2771
2796
2811
2833
2828
2861
2875
2862
2879
2893
2924
2979
3009
3030
3077
3112
3134
3131
3155
3178
3207
3218
3222
3210
3245
3269
3242
3247
3244
3251
3236
3249
3261
3288
3291
3291
3286
3268
3270
3291
3313
3309
3320
3309
3291
3325
3356
3361
3356
3386
3369
3375
3366
3360
3380
3363
3360
3357
3333
3333
3341
3322
3312
3297
3319
3338
3332
3370
3370
3398
3395
3401
3396
3376
3370
3343
3340
3350
3390
3391
3399
3411
3412
3435
3398
3364
3377
3363
3365
3357
3353
3341
3333
3314
3297
3304
3338
3332
3320
3299
3282
3267
3295
3298
3284
3287
3269
3270
3268
3243
3261
3259
3229
3194
3215
3176
3148
3127
3092
3090
3053
3008
2952
2909
2865
2822
2778
2744
2688
2654
2632
2592
2532
2429
2391
2349
2313
2273
2219
2159
2103
2050
2019
1984
1950
1923
1914
1874
1838
1792
1744
1689
1663
1631
1607
1578
1544
1520
1483
1491
1459
1401
1375
1348
1343
1321
1290
1245
1237
1216
1185
1158
1141
1114
1090
1042
1013
970
929
916
908
910
885
864
865
852
836
823
836
821
814
808
781
784
762
734
721
706
692
642
622
587
570
546
543
533
506
501
482
470
453
434
425
430
417
412
392
373
356
352
327
323
309
299
289
277
280
268
272
278
269
254
249
234
237
231
245
243
238
233
222
212
217
213
209
211
188
178
173
170
165
162
151
141
146
140
144
152
160
148
157
151
148
155
147
146
136
129
119
115
108
101
93
85
77
73
62
56
52
49
41
31
25
23
17
14
12
8
5
5
4
3
3
2
1
1
11
31
31
30
27
27
25
24
23
30
28
25
27
26
23
20
12
10
8
6
6
6
6
6
6
6
6
6
6
6
6
5
4
4
4
4
4
3
3
2
2
2
2
1
1
0
