2000
2000
1944
1938
1932
1928
1923
1921
1917
1916
1913
1910
1910
1910
1909
1909
1909
1909
1908
1908
1908
1888
1877
1865
1851
1840
1825
1809
1801
1788
1771
1758
1749
1736
1726
1717
1709
1706
1700
1687
1682
1680
1676
1674
1666
1660
1657
1647
1645
1643
1633
1631
1626
1622
1613
1605
1602
1595
1590
1583
1578
1575
1571
1562
1553
1549
1542
1540
1535
1530
1528
1517
1511
1505
1501
1498
1494
1488
1484
1480
1474
1471
1467
1462
1458
1456
1453
1447
1444
1440
1436
1427
1417
1411
1408
1399
1394
1392
1388
1384
1380
1374
1373
1365
1363
1355
1352
1347
1344
1340
1336
1332
1330
1326
1322
1319
1316
1314
1309
1302
1301
1298
1297
1294
1289
1282
1279
1276
1273
1270
1268
1265
1260
1256
1253
1250
1249
1244
1242
1236
1231
1225
1224
1219
1216
1215
1209
1208
1200
1195
1193
1188
1185
1181
1175
1169
1169
1165
1158
1156
1151
1144
1140
1138
1133
1130
1127
1126
1123
1119
1116
1110
1108
1102
1095
1088
1085
1081
1079
1071
1068
1066
1063
1061
1058
1055
1049
1043
1040
1038
1038
1034
1028
1021
1017
1016
1015
1009
1006
1004
1003
1000
996
991
987
986
981
979
974
970
966
963
960
958
956
955
952
949
946
943
942
939
936
934
929
927
925
922
919
911
911
908
903
900
897
895
893
891
888
885
881
880
880
874
873
869
866
863
858
856
854
852
852
849
846
845
841
839
837
833
828
825
824
822
818
817
816
813
813
810
808
806
802
798
797
794
792
789
788
784
782
781
780
779
776
776
775
774
773
771
771
771
771
771
771
771
771
771
771
770
770
770
770
770
770
770
770
770
770
770
770
770
770
770
770
770
770
770
770
770
770
770
770
770
770
770
770
770
770
770
