0
0
54
60
62
63
66
64
66
64
65
67
66
65
64
63
62
59
58
58
57
46
51
57
69
78
92
106
110
122
136
146
152
161
162
160
162
160
158
166
165
145
137
127
121
114
112
109
103
94
94
81
84
79
79
80
77
80
77
73
73
72
71
78
82
78
82
75
77
79
78
85
85
88
83
83
83
79
82
81
77
72
73
69
66
62
57
61
61
62
63
59
66
68
67
73
70
67
68
67
67
71
69
70
67
74
75
75
72
70
72
69
61
60
60
57
58
55
55
60
59
57
57
52
56
60
61
61
62
62
61
61
64
65
61
61
59
62
59
59
63
65
64
66
63
56
57
55
61
61
61
63
62
61
61
61
56
56
60
56
57
57
60
60
63
64
60
59
55
56
56
59
56
61
63
64
65
61
60
66
63
58
57
55
51
49
48
50
51
46
44
43
49
49
44
38
36
36
36
32
32
33
34
38
40
39
34
32
34
30
30
28
28
29
27
25
27
28
28
26
22
25
28
25
27
25
25
27
27
29
26
26
26
26
24
24
26
24
25
27
28
26
19
22
21
21
19
22
22
22
17
19
17
20
22
21
24
24
19
19
20
19
15
15
18
18
14
15
11
10
10
11
13
13
14
15
12
13
13
16
18
14
13
11
12
9
9
8
8
7
3
1
1
0
0
0
0
0
0
1
1
1
1
1
1
1
1
1
1
1
1
0
0
0
0
0
0
0
0
0
0
0
0
0
0
0
0
0
0
0
