25
25
25
25
25
25
25
25
25
25
25
25
25
25
25
25
25
25
25
25
25
25
25
25
25
25
25
25
25
25
25
25
25
25
25
25
25
25
25
25
25
25
25
25
25
25
25
25
25
25
25
25
25
25
25
25
25
25
25
25
25
25
25
25
25
25
25
25
25
25
25
25
25
25
25
25
25
25
25
25
25
25
25
25
25
25
25
25
25
25
25
25
25
25
25
25
25
25
25
25
25
25
25
25
25
25
25
25
25
25
25
25
25
25
25
25
25
25
25
25
25
25
27
31
34
34
34
34
34
34
34
34
34
38
41
41
41
41
41
41
41
41
41
44
48
52
55
55
55
57
60
61
64
67
70
73
75
79
83
87
91
95
95
96
99
102
103
105
107
110
111
111
111
111
111
111
111
111
112
114
114
115
116
117
117
117
120
121
122
126
127
127
127
127
127
127
127
130
134
136
136
136
137
137
137
137
137
137
138
138
138
138
138
138
138
138
139
140
140
142
142
142
143
144
145
148
150
150
150
150
153
153
153
153
153
153
155
155
156
157
161
162
162
162
164
164
164
164
164
165
169
169
169
169
173
177
178
178
178
179
179
179
180
182
186
188
189
190
191
191
191
191
191
191
191
193
193
193
195
196
196
196
196
195
193
193
193
192
192
194
197
200
199
198
198
197
197
194
188
186
186
186
186
184
183
183
183
182
179
176
176
175
175
175
176
176
175
175
170
164
160
157
157
157
155
152
151
148
145
93
