100
100
42
35
29
25
20
17
13
12
8
5
5
5
3
3
3
3
2
2
2
282
301
347
353
352
347
336
351
347
347
328
316
299
296
284
273
269
262
241
229
372
435
500
589
647
670
727
751
808
848
941
937
988
1016
1024
1057
1053
1064
1119
1132
1123
1121
1114
1117
1125
1125
1167
1158
1154
1162
1150
1163
1160
1180
1179
1167
1212
1198
1234
1248
1261
1273
1341
1374
1383
1435
1432
1435
1444
1443
1520
1507
1506
1497
1501
1510
1517
1506
1503
1496
1484
1489
1502
1502
1488
1486
1495
1515
1521
1520
1530
1585
1612
1633
1671
1679
1668
1678
1651
1654
1669
1654
1688
1681
1688
1692
1707
1716
1727
1739
1756
1749
1745
1763
1778
1795
1796
1830
1871
1861
1873
1863
1866
1894
1930
1918
1917
1886
1861
1869
1859
1874
1888
1901
1896
1895
1900
1884
1902
1919
1929
1893
1885
1898
1893
1932
1920
1960
1971
1990
2004
1996
1975
1975
1982
1950
1932
1944
1928
1912
1892
1885
1880
1881
1864
1840
1800
1789
1778
1757
1758
1721
1745
1742
1748
1737
1741
1699
1706
1687
1657
1631
1589
1558
1531
1534
1510
1512
1490
1460
1392
1331
1295
1243
1231
1189
1180
1164
1128
1101
1072
1045
1015
997
981
983
964
946
899
889
853
823
793
766
745
726
721
693
686
664
651
631
622
600
574
539
513
482
468
449
437
418
403
400
379
353
339
315
285
273
259
244
229
200
180
171
147
135
126
119
110
99
92
84
78
65
51
47
43
39
38
32
29
22
22
18
17
15
12
8
7
7
7
7
6
6
6
6
4
4
4
4
3
2
2
2
2
2
2
2
2
2
2
2
2
2
1
1
1
1
1
1
1
1
1
1
1
1
0
