2000
1938
1930
1925
1919
1915
1913
1911
1911
1910
1907
1906
1905
1905
1905
1905
1905
1905
1905
1905
1905
1878
1865
1861
1858
1846
1836
1828
1822
1818
1810
1797
1791
1784
1775
1770
1764
1761
1759
1756
1752
1741
1731
1721
1716
1708
1703
1697
1690
1686
1680
1676
1672
1665
1661
1659
1655
1651
1648
1640
1638
1631
1627
1621
1613
1605
1602
1594
1592
1587
1576
1572
1565
1556
1552
1549
1544
1538
1535
1524
1517
1514
1505
1494
1492
1486
1483
1477
1470
1463
1457
1455
1449
1447
1446
1442
1433
1420
1418
1414
1411
1405
1403
1401
1397
1396
1393
1387
1384
1375
1374
1369
1363
1358
1357
1352
1350
1344
1340
1337
1335
1333
1323
1320
1316
1312
1308
1306
1300
1300
1295
1291
1286
1283
1278
1271
1271
1268
1265
1262
1256
1249
1248
1243
1241
1238
1233
1233
1225
1224
1214
1211
1210
1204
1203
1202
1199
1196
1195
1187
1184
1181
1174
1172
1165
1165
1156
1155
1153
1152
1144
1141
1137
1133
1128
1123
1120
1118
1115
1113
1111
1109
1103
1099
1095
1094
1091
1087
1087
1081
1080
1077
1073
1070
1068
1066
1063
1060
1056
1051
1045
1043
1039
1036
1034
1029
1029
1028
1022
1015
1013
1013
1011
1005
1004
1000
1000
998
996
994
991
990
989
984
977
973
971
971
966
962
960
956
956
951
945
943
938
934
926
926
923
919
912
909
907
905
905
904
904
901
898
897
892
892
890
888
886
883
881
881
878
871
868
866
866
865
861
861
859
856
853
851
851
849
843
840
837
836
834
830
826
826
823
820
819
818
818
816
814
807
802
797
793
791
791
789
783
783
780
780
775
772
768
764
764
760
760
756
754
754
748
747
744
740
739
739
734
733
728
723
720
720
716
710
705
702
701
701
700
698
696
693
693
690
687
686
685
684
682
679
679
676
675
672
672
671
667
665
662
662
659
658
655
651
651
649
647
647
641
641
641
640
640
639
639
638
637
634
634
632
628
627
625
625
618
616
615
615
615
615
610
610
610
610
609
609
608
608
608
608
607
607
607
605
602
601
601
601
601
601
601
599
596
594
594
592
590
590
588
588
587
585
585
585
584
583
580
579
579
577
577
575
573
573
571
570
568
565
564
564
561
561
558
555
553
553
553
551
549
549
549
548
544
542
542
541
540
540
537
537
535
534
534
533
532
530
530
529
528
526
525
522
521
521
521
521
520
520
520
520
516
515
512
512
510
508
508
507
507
505
504
501
501
501
500
500
496
496
495
494
493
492
492
492
491
491
490
489
487
487
484
482
480
478
476
472
472
470
469
468
466
466
466
465
465
465
465
464
463
463
461
461
460
457
456
455
454
454
453
452
450
449
449
448
445
445
445
445
443
443
442
442
440
440
439
439
438
438
437
435
433
433
433
431
430
428
428
427
424
424
