0
54
60
62
66
69
68
69
65
61
63
62
61
58
57
56
49
48
48
46
43
45
50
49
49
58
64
67
72
74
79
90
94
100
103
106
106
108
109
109
111
107
108
107
109
108
105
105
105
103
100
92
91
89
87
85
80
81
80
84
82
81
80
75
78
82
81
83
83
85
91
91
93
90
90
89
89
93
91
95
96
93
96
101
96
97
94
90
96
95
93
90
84
78
74
74
78
83
81
76
75
77
71
65
65
56
56
55
52
56
53
57
58
60
61
63
60
63
66
65
65
62
69
69
67
69
69
62
66
58
60
58
57
60
62
67
64
61
56
56
60
66
62
63
62
62
63
62
65
66
71
71
68
70
66
61
64
65
63
68
66
62
69
66
71
68
73
74
68
68
67
66
69
65
68
70
69
70
72
67
66
63
62
64
63
57
53
56
53
55
52
51
51
52
51
49
49
51
50
51
55
55
54
48
46
48
45
44
46
52
51
49
51
52
47
45
44
42
39
35
34
33
33
34
39
39
41
41
42
43
40
41
40
38
42
41
45
46
51
51
48
46
51
51
45
45
43
41
38
38
39
37
41
39
35
35
35
36
35
35
38
41
36
35
33
31
32
32
33
34
34
35
30
28
30
29
30
27
28
26
28
26
26
28
27
28
26
26
27
30
30
30
32
32
28
26
29
25
26
23
28
29
32
34
33
31
31
35
35
32
34
33
35
36
33
33
31
29
31
30
31
30
30
30
33
31
27
26
26
25
24
27
25
25
26
24
22
20
17
19
17
19
18
18
18
14
18
17
20
20
19
18
18
18
17
15
15
15
19
19
17
18
15
13
13
14
11
13
13
12
15
16
17
15
20
20
20
20
16
16
21
20
20
19
19
17
18
16
16
14
11
9
7
9
9
9
8
8
8
8
5
6
9
9
9
9
10
10
11
8
9
10
10
10
9
10
11
12
12
13
11
13
11
11
13
14
15
16
15
15
17
14
16
18
19
19
14
14
15
13
13
13
15
17
16
16
16
15
17
17
19
19
17
16
15
14
14
12
12
13
13
11
12
12
9
9
10
7
7
7
10
10
13
13
13
14
14
15
14
15
13
15
15
15
15
13
13
13
14
14
11
12
12
10
9
9
10
10
11
11
14
15
14
15
15
19
18
20
18
16
16
16
15
15
13
13
13
12
9
8
7
7
8
11
11
9
8
8
8
9
10
10
10
10
12
10
9
9
9
8
7
7
9
8
8
8
8
8
9
10
9
9
9
11
10
11
11
11
12
12
