25
25
25
25
25
25
25
25
25
25
25
25
25
25
25
25
25
25
25
25
25
25
25
25
25
25
25
25
25
25
25
25
25
25
25
25
25
25
25
25
25
25
25
25
25
25
25
25
25
25
25
25
25
25
25
25
25
25
25
25
25
25
25
25
25
25
25
25
25
25
25
25
25
25
25
25
25
25
25
25
25
25
25
25
25
25
25
25
25
25
25
25
25
25
25
25
25
25
25
25
25
25
25
25
25
25
25
25
25
25
25
25
25
25
25
25
25
25
25
25
25
25
25
25
26
26
26
26
26
29
29
29
29
29
30
30
30
30
30
31
32
32
32
33
33
33
33
33
33
33
33
34
35
35
35
35
37
39
42
45
48
51
54
54
56
56
56
56
57
58
59
59
59
59
60
60
60
60
62
62
62
62
63
63
63
64
67
70
73
76
79
82
85
88
91
93
96
96
98
98
98
98
98
98
99
102
105
108
111
114
115
117
117
117
118
118
118
118
118
120
122
123
125
128
129
133
136
137
137
139
139
139
139
141
143
144
145
146
147
149
152
154
157
157
158
159
160
162
164
164
166
168
170
171
172
172
174
174
175
175
175
175
175
175
175
177
179
180
182
185
188
190
193
193
195
197
199
200
202
205
207
205
205
204
206
206
207
209
209
211
211
212
214
214
214
214
214
213
212
212
210
210
210
210
210
210
211
209
209
209
210
211
213
213
214
214
215
218
220
220
221
221
222
223
221
221
222
222
221
221
221
222
222
220
217
215
217
219
220
220
220
220
219
217
215
214
216
216
216
215
216
215
214
214
215
212
210
207
205
205
203
202
202
202
201
202
204
205
206
207
205
205
205
203
198
197
197
196
195
196
196
196
196
195
192
192
192
194
194
193
192
193
190
190
188
188
188
188
189
189
190
187
186
185
185
184
181
181
176
176
174
174
171
169
168
168
168
168
166
164
165
165
165
165
166
166
166
168
168
168
168
166
166
167
165
165
162
161
158
152
151
150
147
145
142
143
141
139
141
141
142
144
143
143
141
142
140
142
142
142
143
143
143
143
144
144
145
145
145
145
144
145
145
145
145
146
146
144
144
142
143
146
145
144
144
142
142
140
140
139
139
139
137
135
132
132
134
134
134
134
133
135
136
135
133
130
130
130
132
134
134
134
134
134
134
135
134
134
132
132
133
132
132
133
133
133
134
133
133
136
139
140
138
138
138
136
134
133
134
134
133
132
130
130
131
131
130
129
128
128
129
129
130
130
131
130
130
129
130
130
