100
35
27
22
16
11
9
7
7
6
3
2
0
0
0
0
0
0
0
0
0
223
250
256
283
284
292
284
276
281
290
275
278
263
252
244
234
228
226
219
211
339
417
431
454
515
575
623
636
652
713
806
835
843
871
889
921
947
942
948
960
995
1015
1067
1075
1098
1118
1144
1162
1177
1206
1228
1248
1308
1324
1316
1313
1292
1302
1300
1304
1319
1325
1331
1354
1380
1398
1437
1422
1421
1461
1467
1503
1548
1567
1580
1598
1633
1650
1687
1709
1693
1735
1794
1786
1807
1810
1803
1841
1827
1864
1849
1869
1848
1837
1834
1868
1858
1847
1864
1848
1875
1863
1858
1850
1853
1868
1896
1862
1923
1935
1942
1993
1966
1958
1932
1952
1947
1994
1971
1972
1939
1965
1952
1968
1976
1983
1981
1980
1969
1987
2007
2030
2042
2079
2120
2103
2116
2127
2133
2171
2227
2210
2249
2248
2278
2276
2264
2320
2323
2374
2391
2389
2430
2428
2420
2437
2438
2437
2503
2509
2521
2576
2586
2586
2632
2682
2667
2697
2718
2730
2737
2736
2744
2723
2728
2738
2730
2746
2752
2735
2724
2745
2746
2748
2732
2762
2773
2797
2783
2798
2818
2809
2814
2827
2823
2833
2838
2854
2868
2858
2827
2791
2754
2716
2718
2681
2681
2669
2667
2655
2622
2632
2643
2616
2594
2585
2573
2542
2542
2545
2522
2499
2502
2535
2512
2532
2509
2506
2508
2471
2462
2433
2453
2466
2417
2401
2363
2368
2368
2340
2335
2347
2343
2363
2374
2356
2356
2329
2315
2299
2287
2337
2308
2302
2268
2234
2226
2207
2179
2166
2186
2169
2151
2137
2120
2140
2124
2095
2063
2053
2022
1994
1966
2006
1982
1958
1920
1890
1920
1873
1849
1808
1783
1793
1753
1728
1690
1664
1694
1637
1623
1590
1571
1559
1559
1557
1532
1533
1502
1482
1492
1497
1487
1466
1456
1434
1444
1427
1402
1393
1369
1389
1405
1390
1395
1375
1354
1358
1346
1366
1347
1338
1337
1337
1336
1322
1307
1289
1289
1295
1306
1282
1270
1280
1259
1243
1231
1225
1225
1212
1196
1186
1176
1176
1158
1158
1127
1127
1126
1104
1093
1079
1099
1073
1063
1045
1045
1065
1052
1039
1039
1039
1026
1009
1001
988
1008
1005
1004
1013
1012
1032
1020
1017
1023
1013
1013
1009
1002
1032
1018
1004
995
995
986
978
978
967
951
942
920
905
905
915
895
874
860
860
845
850
829
831
831
815
799
796
785
770
770
758
755
736
726
713
713
733
735
725
729
729
731
724
716
710
704
709
719
709
703
691
681
701
706
692
681
681
692
691
675
675
695
684
684
672
656
642
645
645
632
626
616
605
605
590
579
576
569
579
569
570
571
567
567
560
558
544
544
537
531
556
548
548
550
544
544
537
527
525
525
515
516
508
499
496
488
498
488
494
500
503
503
506
478
482
473
473
473
490
480
486
486
478
472
468
483
478
478
469
460
450
442
442
434
421
416
418
418
418
415
406
394
386
394
385
385
374
358
351
342
345
345
341
334
342
331
331
335
329
329
