2000
1940
1935
1927
1921
1915
1912
1912
1909
1907
1907
1907
1906
1906
1906
1905
1905
1905
1904
1904
1904
1887
1876
1863
1853
1842
1830
1817
1804
1788
1774
1766
1757
1748
1740
1730
1726
1717
1708
1696
1692
1680
1672
1665
1663
1659
1655
1650
1642
1641
1639
1635
1630
1627
1620
1612
1608
1602
1598
1595
1593
1585
1579
1575
1575
1568
1565
1563
1561
1556
1551
1548
1545
1541
1539
1536
1534
1528
1523
1521
1517
1514
1512
1510
1505
1501
1496
1495
1491
1486
1482
1480
1472
1472
1470
1466
1464
1459
1457
1455
1453
1450
1448
1448
1446
1444
1442
1439
1436
1432
1427
1424
1423
1421
1420
1415
1414
1410
1406
1404
1402
1400
1398
1395
1392
1392
1385
1381
1375
1372
1371
1371
1369
1368
1367
1366
1365
1364
1364
1363
1361
1357
1356
1355
1351
1349
1347
1340
1338
1337
1335
1332
1329
1327
1323
1321
1319
1317
1312
1310
1309
1307
1306
1306
1306
1305
1303
1301
1301
1299
1295
1294
1293
1291
1291
1289
1287
1287
1287
1286
1283
1283
1282
1280
1280
1280
