0
55
56
61
66
72
74
70
70
71
70
69
68
62
61
62
61
61
61
60
60
45
52
58
63
69
78
89
97
109
122
125
130
132
137
145
146
153
157
164
165
160
155
149
142
135
128
122
119
111
105
105
102
95
96
96
97
95
89
82
82
80
79
77
75
76
76
74
69
71
71
70
68
70
67
62
58
61
63
62
65
60
56
55
60
56
57
57
58
59
57
54
60
57
58
56
55
51
51
52
50
50
50
47
47
45
43
45
45
46
46
48
42
44
43
45
44
42
43
44
44
42
43
46
47
45
50
51
54
55
53
52
53
52
50
44
44
41
38
38
37
39
38
35
37
39
33
35
32
30
30
32
33
33
36
36
37
39
42
43
43
41
40
39
37
36
36
32
31
32
35
33
32
33
30
29
30
28
24
23
25
23
23
25
25
25
