100
39
34
26
20
14
11
11
8
6
6
6
5
4
4
3
3
3
1
1
1
284
313
350
370
390
397
383
395
396
382
371
370
354
340
330
325
313
310
298
292
439
526
616
674
755
837
927
1012
1099
1154
1166
1226
1288
1325
1372
1365
1413
1465
1527
1543
1619
1664
1701
1709
1735
1760
1781
1844
1846
1860
1891
1919
1924
1953
2015
2042
2058
2068
2082
2085
2148
2181
2191
2181
2238
2239
2230
2229
2246
2278
2300
2296
2315
2317
2327
2328
2356
2347
2346
2363
2368
2369
2378
2390
2397
2429
2419
2422
2438
2458
2443
2477
2465
2464
2467
2478
2503
2511
2512
2505
2526
2527
2509
2517
2533
2535
2556
2561
2575
2583
2578
2569
2574
2562
2606
2598
2633
2651
2652
2661
2658
2668
2692
2703
2698
2754
2777
2811
2836
2828
2825
2837
2840
2842
2845
2844
2835
2825
2830
2827
2857
2842
2848
2860
2860
2870
2922
2929
2932
2920
2941
2953
2960
2988
3003
2996
3008
3046
3064
3055
3071
3074
3067
3064
3064
