2000
1943
1938
1930
1925
1919
1916
1913
1912
1911
1909
1908
1907
1906
1903
1903
1903
1903
1902
1902
1902
1873
1863
1852
1836
1818
1803
1793
1785
1769
1757
1748
1740
1730
1724
1719
1712
1704
1699
1694
1688
1681
1674
1668
1667
1663
1658
1652
1648
1646
1639
1636
1631
1630
1626
1618
1614
1609
1605
1602
1599
1596
1589
1585
1580
1576
1570
1564
1558
1551
1545
1540
1535
1529
1522
1517
1512
1506
1502
1496
1492
1486
1480
1476
1471
1461
1456
1451
1450
1447
1442
1441
1440
1434
1431
1428
1418
1411
1405
1397
1395
1391
1387
1381
1375
1372
1367
1361
1353
1346
1344
1336
1332
1324
1316
1313
1308
1304
1300
1293
1290
1289
1284
1277
1270
1263
1260
1258
1252
1245
1241
1241
1235
1228
1225
1224
1219
1214
1211
1206
1199
1196
1194
1189
1187
1182
1177
1175
1173
1172
1171
1170
1167
1163
1157
1155
1152
1146
1142
1141
1141
1136
1130
1124
1121
1115
1110
1105
1099
1096
1093
1089
1088
1083
1079
1074
1073
1071
1070
1067
1065
1065
1063
1062
1059
1056
1054
1053
1048
1044
1040
1035
1035
1031
1028
1023
1018
1017
1015
1011
1010
1008
1002
1001
997
994
991
989
986
981
975
973
969
966
964
960
956
949
945
941
938
936
935
935
934
932
929
929
926
922
918
913
909
905
898
895
888
886
880
878
874
870
865
862
861
859
857
852
848
847
846
841
840
839
836
833
829
828
824
821
818
814
813
812
811
809
808
806
804
804
800
798
795
793
785
782
778
774
773
773
772
767
765
764
763
761
760
759
757
755
751
750
747
743
741
739
738
735
734
731
729
724
722
720
719
717
717
717
715
713
711
711
709
707
705
704
704
704
702
701
701
701
700
700
698
698
695
694
694
694
693
693
692
692
691
687
686
684
684
684
684
684
683
683
683
683
683
682
681
681
681
681
681
681
681
681
681
681
681
681
681
681
681
681
681
681
681
681
681
681
681
681
681
681
681
681
681
681
681
681
681
681
681
681
