0
50
55
61
63
68
71
71
71
70
70
69
68
68
69
66
65
64
62
60
57
56
62
70
79
91
102
107
112
127
135
140
138
142
142
147
153
160
160
161
167
150
147
140
128
121
115
113
110
99
99
92
88
78
75
77
72
65
63
63
64
63
64
61
64
67
70
73
76
79
77
80
81
85
86
85
86
88
90
92
91
93
94
91
90
90
89
88
84
85
86
80
76
79
77
73
78
80
81
86
85
86
85
87
90
83
83
84
90
95
93
98
100
103
107
105
99
95
91
89
89
83
83
85
85
88
86
84
84
84
85
76
77
77
72
70
71
74
73
74
77
76
73
74
69
66
65
65
61
56
54
55
51
51
55
53
51
50
50
50
43
46
49
52
53
52
50
50
52
53
53
54
52
53
52
57
56
53
50
50
50
45
41
37
38
34
34
31
33
32
32
35
35
35
36
36
39
38
39
41
36
37
42
40
42
38
39
38
33
33
36
35
37
36
33
33
34
41
44
46
46
44
38
33
31
31
32
31
32
34
31
34
33
34
38
40
42
40
41
37
37
39
43
46
40
37
35
39
42
37
30
30
29
28
28
28
29
26
27
29
29
28
25
25
22
22
18
16
14
14
16
12
13
15
22
21
19
20
19
19
19
21
18
16
16
14
13
10
10
12
15
16
12
14
12
11
12
14
15
17
17
20
20
22
19
16
14
13
15
15
13
11
13
4
6
6
4
3
5
5
4
4
2
2
3
3
3
4
3
3
4
3
4
2
3
7
7
9
7
3
2
2
2
2
2
1
1
2
3
3
3
3
1
1
1
1
1
1
1
1
1
1
1
0
0
0
0
0
0
0
0
0
0
0
0
0
0
0
0
0
0
0
0
0
