25
25
25
25
25
25
25
25
25
25
25
25
25
25
25
25
25
25
25
25
25
25
25
25
25
25
25
25
25
25
25
25
25
25
25
25
25
25
25
25
25
25
25
25
25
25
25
25
25
25
25
25
25
25
25
25
25
25
25
25
25
25
25
25
25
25
25
25
25
25
25
25
25
25
25
25
25
25
25
25
25
25
25
25
25
25
25
25
25
25
25
25
25
25
25
25
25
25
25
25
25
25
25
25
25
25
25
25
25
25
25
25
25
25
25
25
25
25
25
25
25
28
32
32
32
32
32
32
32
36
40
41
41
41
41
41
41
41
41
41
41
43
46
48
48
48
48
48
48
48
48
48
48
48
48
48
48
51
54
58
58
59
60
60
60
62
66
67
67
69
72
72
75
76
76
77
81
85
85
85
87
89
90
90
90
90
90
92
93
93
93
93
93
93
94
95
95
95
95
98
100
100
100
100
100
101
102
105
105
105
105
105
106
107
111
111
111
111
111
111
111
111
111
111
111
114
114
114
115
118
121
122
122
123
123
123
125
126
126
126
126
126
126
126
127
129
131
131
131
132
134
136
136
139
141
144
148
148
149
149
149
149
152
155
159
161
161
162
162
163
165
165
166
168
168
169
171
170
171
173
177
179
181
182
183
183
185
185
187
188
187
186
186
186
187
184
182
182
182
182
182
182
176
174
171
171
170
168
168
168
168
167
169
171
171
168
163
164
163
161
161
161
161
161
161
162
162
162
162
162
164
162
160
162
162
161
160
160
160
158
156
154
154
152
150
149
147
145
145
144
142
138
136
136
135
133
131
131
131
131
131
130
128
128
128
128
127
127
126
125
124
124
124
124
122
119
119
119
119
119
119
118
115
115
