100
43
38
30
25
19
16
13
12
11
9
8
7
6
3
3
3
3
2
2
2
273
303
322
344
352
357
367
356
333
334
334
320
302
303
298
289
280
273
268
260
479
540
621
737
843
937
1000
1043
1150
1202
1249
1288
1325
1354
1366
1408
1472
1467
1471
1481
1492
1515
1534
1519
1520
1537
1549
1539
1522
1532
1504
1501
1493
1523
1555
1572
1582
1572
1576
1596
1606
1626
1633
1667
1682
1715
1727
1736
1735
1757
1787
1818
1835
1873
1912
1931
1950
1964
1966
1987
2007
2036
2059
2069
2148
2174
2200
2198
2207
2234
2219
2209
2219
2231
2233
2295
2336
2381
2423
2427
2450
2451
2473
2502
2492
2497
2508
2536
2572
2578
2643
2653
2674
2727
2752
2761
2760
2780
2785
2797
2777
2790
2799
2833
2882
2875
2868
2902
2925
2934
2920
2947
2955
2932
2929
2945
2963
2979
2987
3037
3032
3038
3024
3005
2998
3010
3008
3000
2995
2993
3011
3001
3028
3032
3013
3015
3048
3055
3030
3012
3033
3043
3055
3039
3001
3006
3030
3016
2954
2961
2931
2906
2909
2905
2893
2863
2844
2834
2788
2759
2738
2720
2679
2650
2619
2587
2568
2549
2518
2471
2465
2410
2384
2340
2261
2232
2188
2160
2151
2100
2053
2039
1981
1959
1909
1873
1821
1789
1750
1724
1671
1632
1609
1564
1520
1539
1519
1489
1459
1432
1392
1362
1330
1303
1277
1265
1232
1188
1176
1145
1113
1095
1071
1062
1065
1067
1031
972
939
920
890
878
851
812
774
759
758
737
715
670
645
608
596
572
557
517
497
470
443
426
402
394
372
355
336
331
316
297
286
261
252
261
254
259
234
222
205
194
188
181
166
159
146
139
132
123
119
115
108
114
120
109
108
103
106
98
96
92
91
89
85
80
72
61
59
47
38
36
35
32
32
28
25
21
17
16
14
11
10
9
9
8
8
8
8
8
6
4
4
3
3
3
2
2
2
2
2
2
2
2
2
2
2
2
1
1
1
1
1
1
1
1
1
1
1
1
1
1
1
1
1
1
0
