2000
1949
1940
1935
1930
1927
1920
1917
1914
1910
1910
1909
1908
1908
1907
1905
1904
1904
1903
1903
1903
1887
1879
1871
1862
1852
1837
1827
1814
1798
1784
1775
1768
1763
1754
1749
1735
1724
1716
1704
1697
1688
1671
1668
1661
1658
1655
1651
1647
1639
1634
1625
1622
1619
1616
1615
1611
1608
1603
1597
1590
1586
1581
1574
1571
1565
1558
1555
1546
1536
1532
1525
1523
1515
1504
1495
1487
1482
1474
1469
1463
1455
1450
1446
1440
1438
1431
1421
1417
1408
1405
1402
1398
1393
1390
1386
1382
1377
1373
1368
1365
1363
1357
1350
1346
1344
1341
1337
1332
1328
1326
1319
1317
1313
1312
1310
1305
1301
1299
1297
1293
1290
1287
1284
1278
1276
1272
1269
1266
1261
1258
1254
1252
1249
1242
1238
1236
1228
1225
1222
1220
1215
1213
1206
1203
1200
1195
1193
1190
1189
1186
1182
1177
1177
1168
1167
1163
1156
1154
1150
1149
1146
1142
1141
1137
1132
1129
1125
1116
1112
1109
1106
1100
1094
1091
1088
1083
1079
1075
1072
1067
1063
1058
1056
1053
1049
1047
1040
1037
1033
1031
1025
1023
1017
1014
1012
1009
1004
1001
998
987
984
980
977
977
973
970
961
956
951
946
943
941
939
932
927
921
920
916
914
913
910
906
904
901
894
886
883
880
877
874
873
869
864
861
858
855
855
853
850
849
845
841
836
832
829
827
825
820
816
815
809
805
803
800
797
794
790
789
786
783
781
778
778
771
770
768
768
766
765
764
764
762
761
761
758
756
753
751
749
748
748
747
746
745
745
744
744
742
742
742
741
739
738
737
737
737
737
737
737
737
736
736
736
735
735
735
735
733
732
732
732
732
730
730
730
729
729
729
729
729
729
729
729
729
729
729
729
729
729
729
