0
45
52
54
59
61
68
70
72
72
68
66
65
62
62
60
56
54
55
51
51
42
46
50
54
62
71
75
82
96
106
115
119
121
126
128
140
146
150
159
166
167
175
172
169
163
152
149
140
133
125
126
122
121
118
114
103
94
93
87
87
84
70
72
70
73
78
76
81
84
85
85
84
87
92
98
101
103
105
102
98
99
95
87
85
80
82
88
84
85
83
79
79
80
73
71
69
73
73
75
75
73
77
78
78
76
73
68
68
61
59
62
59
56
56
54
56
55
51
50
50
51
50
45
47
45
44
43
41
38
37
36
35
37
44
46
46
53
55
56
57
61
62
67
67
69
72
72
72
71
70
70
73
67
68
64
66
64
61
61
59
55
56
51
53
55
53
54
62
65
66
66
69
75
72
75
76
75
75
74
78
79
79
80
79
78
78
80
75
75
74
76
72
69
69
64
61
62
59
58
60
59
58
56
51
51
48
51
48
49
52
48
45
43
44
46
46
41
40
35
29
29
28
25
22
26
32
30
26
27
29
24
25
29
29
26
24
22
23
24
24
27
26
25
25
27
29
30
28
28
26
29
32
27
24
19
18
17
15
15
16
16
19
17
22
20
14
11
9
6
6
3
3
4
3
3
4
6
7
7
5
5
6
6
6
6
7
2
1
1
1
2
4
4
5
4
1
1
1
1
1
1
1
1
2
2
2
2
3
3
2
2
1
3
2
1
2
2
2
2
2
2
1
0
0
0
0
0
0
0
0
