25
25
25
25
25
25
25
25
25
25
25
25
25
25
25
25
25
25
25
25
25
25
25
25
25
25
25
25
25
25
25
25
25
25
25
25
25
25
25
25
25
25
25
25
25
25
25
25
25
25
25
25
25
25
25
25
25
25
25
25
25
25
25
25
25
25
25
25
25
25
25
25
25
25
25
25
25
25
25
25
25
25
25
25
25
25
25
25
25
25
25
25
25
25
25
25
25
25
25
25
25
25
25
25
25
25
25
25
25
25
25
25
25
25
25
25
25
25
25
25
25
25
25
28
32
34
34
34
34
34
34
34
36
40
43
43
43
43
43
43
43
43
43
43
43
43
43
43
43
47
50
50
50
50
50
52
55
58
58
58
58
58
58
60
64
67
67
71
71
74
76
76
76
79
81
82
85
85
85
85
85
88
91
92
96
97
97
97
97
97
98
100
104
108
110
110
110
110
110
110
110
110
110
110
110
110
110
110
111
115
116
116
116
116
116
116
116
116
118
121
121
122
123
124
124
126
126
126
126
127
127
127
127
127
127
128
129
130
131
134
136
136
136
138
138
139
140
140
140
140
142
145
148
148
150
151
151
151
151
151
151
151
153
153
154
154
154
154
154
156
156
156
156
156
156
158
158
159
159
161
161
163
164
165
166
169
170
169
169
169
172
172
172
172
172
172
170
171
174
176
176
175
172
168
164
164
164
163
163
162
162
160
155
151
150
150
150
149
149
148
147
146
146
146
146
144
141
141
137
134
134
