100
48
38
33
28
25
18
15
12
7
7
6
5
5
4
2
1
1
0
0
0
234
266
265
285
292
317
304
317
310
294
282
275
270
267
271
265
253
252
230
215
262
315
351
413
487
603
639
714
810
904
961
1006
1027
1079
1097
1205
1274
1311
1365
1407
1425
1543
1533
1551
1544
1538
1551
1551
1585
1595
1637
1642
1646
1638
1633
1645
1650
1666
1684
1709
1709
1710
1720
1722
1745
1738
1733
1774
1815
1820
1841
1839
1829
1865
1872
1870
1831
1826
1803
1803
1802
1781
1783
1793
1796
1831
1872
1865
1897
1917
1928
1950
1974
1947
1959
1962
1998
2019
2022
2012
1976
1968
1971
1948
1934
1911
1915
1935
1931
1916
1904
1878
1863
1837
1839
1837
1802
1786
1793
1789
1783
1780
1779
1787
1779
1788
1799
1820
1824
1843
1861
1870
1894
1952
1985
1997
2044
2061
2078
2079
2104
2103
2120
2128
2135
2174
2180
2161
2155
2160
2177
2196
2174
2222
2210
2237
2262
2266
2293
2287
2291
2321
2321
2347
2371
2372
2405
2463
2494
2518
2535
2562
2603
2602
2591
2594
2581
2549
2536
2527
2504
2498
2475
2468
2395
2332
2273
2234
2176
2124
2101
2060
2026
1999
1950
1910
1891
1818
1785
1753
1684
1653
1609
1562
1493
1423
1398
1331
1277
1219
1166
1116
1072
1012
969
928
856
809
768
732
686
643
585
555
524
498
483
462
445
434
403
395
394
370
335
309
281
291
281
275
265
238
220
198
164
148
139
144
139
133
146
115
96
90
75
64
51
47
43
39
33
31
25
24
22
20
18
16
16
14
12
10
9
8
8
8
8
8
6
6
5
4
4
3
3
3
3
11
10
10
10
10
8
4
4
3
3
3
3
3
3
3
3
3
2
1
1
1
1
0
