2000
1945
1939
1933
1929
1923
1916
1913
1910
1909
1907
1907
1906
1904
1903
1902
1902
1902
1902
1902
1902
1886
1882
1872
1861
1848
1833
1819
1807
1795
1788
1776
1767
1759
1751
1743
1741
1729
1724
1719
1714
1709
1704
1698
1694
1687
1681
1675
1671
1667
1663
1656
1648
1641
1634
1626
1620
1614
1605
1592
1590
1585
1575
1568
1563
1554
1547
1544
1539
1536
1530
1527
1524
1521
1515
1515
1509
1504
1498
1494
1489
1480
1473
1468
1462
1459
1455
1452
1452
1450
1447
1445
1439
1434
1428
1421
1419
1413
1410
1406
1398
1389
1385
1380
1376
1371
1365
1360
1351
1345
1339
1337
1327
1319
1311
1307
1302
1298
1293
1287
1279
1276
1271
1263
1261
1254
1251
1244
1238
1233
1230
1223
1219
1218
1213
1210
1204
1201
1197
1196
1195
1193
1188
1182
1172
1168
1165
1159
1152
1148
1143
1139
1131
1125
1120
1117
1115
1110
1104
1097
1090
1085
1082
1075
1067
1062
1057
1054
1047
1044
1041
1037
1034
1030
1025
1023
1016
1012
1008
1003
997
991
987
980
975
968
959
953
949
944
939
936
928
922
916
908
902
895
888
881
878
871
865
857
848
844
839
834
830
825
817
815
809
804
800
798
794
786
781
774
768
762
754
754
749
745
738
731
728
722
719
713
705
702
700
692
685
680
674
665
660
657
651
647
644
632
627
622
618
610
597
591
588
584
578
571
564
559
556
547
542
539
532
526
524
517
512
504
500
496
489
485
481
476
474
470
463
456
451
445
438
434
424
418
414
407
402
394
389
384
375
367
361
359
357
351
345
341
336
329
323
321
317
313
306
304
298
292
283
279
275
273
269
261
258
255
253
243
240
238
234
233
227
224
221
219
219
218
216
213
211
208
203
203
201
198
195
192
187
185
182
182
180
179
179
177
176
174
174
174
172
172
171
171
171
171
171
171
170
170
170
170
170
169
169
169
169
169
169
169
169
169
169
169
169
169
169
169
169
169
169
169
169
169
169
169
169
169
169
169
169
169
169
169
169
169
169
169
169
169
169
169
169
169
169
169
169
169
169
169
169
169
169
169
169
169
169
169
169
169
169
169
169
169
169
169
169
169
169
169
169
169
169
169
169
