0
48
54
59
58
63
67
68
68
65
66
64
64
62
62
59
58
56
55
54
52
43
43
48
56
67
70
77
85
92
97
106
106
110
110
115
114
122
121
120
121
110
110
106
101
98
96
87
84
83
80
80
80
83
87
91
95
93
95
101
98
98
101
103
102
105
104
103
102
102
102
99
96
89
90
81
81
78
72
63
63
68
69
68
72
70
69
68
63
63
62
59
60
59
59
64
65
67
65
64
63
69
66
69
67
68
71
75
82
88
90
89
92
96
99
98
96
94
96
92
93
89
91
93
89
92
92
96
96
96
95
100
92
87
84
79
75
74
74
70
63
58
56
56
63
63
63
65
67
66
66
67
71
76
75
75
70
72
72
76
79
77
75
79
76
80
80
80
83
81
77
78
75
74
73
71
76
76
74
72
70
69
70
70
67
69
72
73
70
72
73
72
80
80
78
85
83
85
86
89
87
86
90
86
89
87
86
86
87
82
79
80
79
76
76
74
73
75
75
77
77
76
79
72
66
69
72
75
74
74
72
76
77
75
69
70
66
60
63
65
63
65
66
68
68
77
76
78
77
80
88
88
87
82
80
80
80
79
76
75
72
72
73
76
76
73
74
80
81
82
84
82
84
84
81
82
83
84
86
84
87
85
88
87
87
82
79
79
77
75
78
83
85
83
82
81
76
72
68
61
53
49
40
40
42
41
42
44
48
42
36
30
29
29
28
26
23
24
17
13
12
10
15
13
11
6
4
4
5
8
9
9
11
9
6
7
7
6
10
10
11
9
9
6
5
7
7
7
5
3
4
4
2
1
1
0
0
0
1
0
0
0
0
0
0
0
0
0
0
0
0
0
0
0
0
0
0
0
0
0
0
0
0
0
0
0
0
0
0
0
0
0
0
0
0
0
0
0
0
0
0
0
0
0
0
0
0
0
0
0
0
0
0
0
0
0
0
0
0
0
0
0
0
0
0
0
0
0
0
0
0
0
0
0
0
