100
45
39
33
29
23
15
12
8
7
5
5
4
2
1
0
0
0
0
0
0
233
240
252
261
266
297
313
318
305
295
281
277
271
272
270
263
248
241
235
225
287
286
327
382
430
456
517
560
585
606
653
677
703
724
744
742
802
840
856
888
891
918
920
938
943
975
972
974
984
983
995
1033
1071
1099
1140
1159
1160
1204
1279
1269
1265
1285
1298
1304
1333
1360
1356
1373
1367
1384
1409
1408
1402
1440
1423
1406
1435
1462
1487
1498
1492
1529
1523
1557
1546
1555
1539
1523
1510
1494
1486
1482
1485
1519
1543
1547
1547
1534
1547
1578
1590
1584
1600
1606
1594
1582
1574
1610
1630
1631
1603
1629
1666
1698
1721
1749
1778
1786
1807
1834
1836
1823
1848
1838
1854
1847
1854
1869
1883
1888
1892
1890
1861
1853
1822
1823
1814
1827
1810
1804
1792
1814
1815
1851
1822
1801
1810
1814
1817
1846
1843
1856
1890
1904
1899
1901
1920
1943
1982
2011
2043
2056
2093
2142
2151
2152
2165
2187
2190
2195
2214
2198
2191
2218
2185
2191
2182
2173
2165
2163
2189
2179
2227
2212
2231
2261
2266
2256
2272
2275
2260
2284
2292
2272
2277
2290
2308
2297
2275
2264
2281
2254
2272
2291
2259
2254
2251
2247
2227
2244
2227
2229
2211
2177
2138
2126
2164
2154
2162
2172
2136
2128
2094
2078
2067
2064
2056
2023
2000
1956
1942
1951
1930
1895
1863
1859
1856
1844
1852
1864
1850
1838
1808
1785
1801
1778
1754
1746
1743
1765
1744
1735
1735
1738
1746
1781
1787
1776
1813
1826
1843
1845
1850
1841
1879
1900
1924
1896
1873
1861
1837
1794
1792
1766
1753
1727
1743
1740
1706
1691
1678
1683
1682
1650
1618
1596
1567
1531
1509
1511
1489
1452
1386
1326
1264
1207
1113
1031
976
913
869
796
718
643
588
528
466
410
375
340
304
272
265
248
229
214
203
169
155
137
123
108
99
88
82
74
66
65
60
55
51
47
42
39
36
33
32
28
28
25
25
22
20
20
18
18
15
12
12
11
11
10
10
9
8
8
8
8
6
5
5
4
4
4
4
3
3
3
3
3
2
2
2
2
2
2
2
2
2
2
2
2
2
2
2
2
2
1
1
1
1
1
1
1
1
1
1
1
1
1
1
1
1
1
1
1
1
1
1
1
1
1
1
0
